0  356  355
1  274  278
2  274  320
3  273  289
4  273  279
5  353  318
6  279  318
7  278  382
8  286  382
9  382  292
10  277  356
11  276  311
12  318  288
13  275  354
14  292  280
15  288  271
16  282  355
17  379  322
18  379  278
19  378  279
20  378  369
21  279  276
22  321  276
23  368  277
24  278  277
25  277  364
26  382  282
27  318  275
28  311  354
29  364  280
30  371  378
31  276  266
32  358  371
33  335  322
34  349  369
35  349  329
36  321  324
37  329  324
38  330  323
39  368  323
40  323  372
41  331  350
42  319  365
43  324  325
44  383  315
45  372  327
46  266  271
47  351  343
48  263  379
49  355  376
50  355  357
51  354  312
52  354  377
53  272  358
54  377  358
55  376  281
56  267  281
57  281  263
58  375  270
59  374  317
60  383  349
61  270  274
62  300  379
63  307  359
64  307  368
65  271  377
66  271  305
67  377  374
68  336  374
69  304  375
70  376  375
71  375  300
72  281  380
73  358  373
74  374  352
75  373  273
76  352  378
77  293  351
78  280  376
79  339  383
80  346  287
81  345  346
82  267  346
83  272  293
84  344  293
85  328  312
86  328  344
87  327  345
88  327  357
89  341  335
90  287  342
91  317  315
92  371  261
93  338  341
94  280  337
95  380  274
96  301  349
97  306  321
98  306  361
99  369  366
100  361  366
101  359  367
102  322  367
103  367  350
104  284  372
105  269  325
106  366  365
107  365  362
108  350  363
109  325  360
110  364  370
111  299  286
112  299  359
113  298  361
114  298  353
115  361  269
116  289  269
117  320  284
118  359  284
119  284  282
120  367  364
121  366  266
122  269  275
123  282  363
124  372  370
125  340  343
126  335  330
127  266  360
128  317  273
129  339  340
130  338  308
131  304  338
132  345  338
133  344  339
134  336  339
135  334  344
136  334  305
137  347  337
138  347  345
139  308  342
140  333  335
141  351  261
142  340  306
143  301  298
144  350  347
145  370  296
146  370  304
147  360  336
148  360  297
149  305  302
150  297  302
151  296  303
152  337  303
153  303  333
154  295  308
155  294  340
156  302  301
157  308  307
158  333  299
159  380  299
160  262  328
161  348  383
162  275  362
163  363  267
164  363  296
165  362  297
166  362  272
167  297  294
168  312  294
169  357  295
170  296  295
171  295  380
172  303  300
173  302  352
174  294  373
175  352  306
176  300  307
177  373  298
178  285  351
179  283  287
180  381  341
181  313  381
182  337  381
183  305  348
184  314  348
185  257  336
186  257  314
187  259  313
188  259  304
189  287  264
190  341  316
191  293  301
192  332  334
193  346  333
194  326  259
195  264  256
196  264  286
197  261  353
198  261  258
199  289  310
200  258  310
201  256  309
202  320  309
203  309  356
204  260  292
205  268  288
206  311  257
207  332  257
208  262  290
209  288  290
210  316  368
211  316  256
212  315  258
213  315  321
214  258  268
215  369  268
216  322  260
217  256  260
218  260  326
219  309  265
220  310  262
221  268  332
222  356  259
223  265  291
224  319  262
225  310  311
226  263  264
227  323  326
228  292  291
229  330  331
230  286  331
231  353  319
232  329  319
233  343  289
234  343  329
235  342  330
236  342  320
237  326  347
238  265  327
239  365  334
240  324  332
241  325  328
242  331  265
243  291  313
244  270  316
245  285  317
246  348  371
247  381  263
248  283  270
249  313  283
250  357  283
251  312  285
252  290  314
253  290  272
254  291  267
255  314  285