2.744977  0.000000  -216.697240170000
2.744977  0.005000  -216.699051080000
2.744977  0.010000  -216.704283050000
2.744977  0.015000  -216.713052400000
2.744977  0.020000  -216.725166860000
2.744977  0.025000  -216.740836680000
2.744977  0.030000  -216.759536720000
2.744977  0.035000  -216.781382500000
2.744977  0.040000  -216.806151430000
2.744977  0.045000  -216.833582250000
2.744977  0.050000  -216.863260810000
2.744977  0.055000  -216.895161840000
2.744977  0.060000  -216.928909580000
2.744977  0.065000  -216.963921730000
2.744977  0.070000  -216.999976060000
2.744977  0.075000  -217.036692350000
2.744977  0.080000  -217.073380550000
2.744977  0.085000  -217.109941910000
2.744977  0.090000  -217.145657350000
2.744977  0.095000  -217.180072480000
2.744977  0.100000  -217.212669790000
2.744977  0.105000  -217.242833530000
2.744977  0.110000  -217.270026090000
2.744977  0.115000  -217.293205870000
2.744977  0.120000  -217.312167200000
2.744977  0.125000  -217.325939150000
2.744977  0.130000  -217.333802980000
2.744977  0.135000  -217.334734390000
2.744977  0.140000  -217.328129330000
2.744977  0.145000  -217.312855820000
2.744977  0.150000  -217.288135860000
2.744977  0.155000  -217.252945320000
2.744977  0.160000  -217.206478400000
2.744977  0.165000  -217.147456000000
2.744977  0.170000  -217.075152100000
2.744977  0.175000  -216.988379420000
2.744977  0.180000  -216.885902700000
2.744977  0.185000  -216.766210040000
2.744977  0.190000  -216.628627570000
2.744977  0.195000  -216.471649150000
2.744977  0.200000  -216.293705530000
2.744977  0.205000  -216.093525000000
2.744977  0.210000  -215.869777510000
2.744977  0.215000  -215.620611650000
2.744977  0.220000  -215.344906780000
2.744977  0.225000  -215.040682910000
2.744977  0.230000  -214.706613380000
2.744977  0.235000  -214.340995990000
2.744977  0.240000  -213.942019590000
2.744977  0.245000  -213.508037120000
2.744977  0.250000  -213.036674870000
2.744977  0.255000  -212.526367260000
2.744977  0.260000  -211.975209570000
2.744977  0.265000  -211.380957580000
2.744977  0.270000  -210.741188810000
2.744977  0.275000  -210.053988100000
2.744977  0.280000  -209.316788320000
2.744977  0.285000  -208.527202210000
2.744977  0.290000  -207.682871380000
2.744977  0.295000  -206.781108500000
2.744977  0.300000  -205.819280440000
2.744977  0.305000  -204.795164040000
2.744977  0.310000  -203.705549580000
2.744977  0.315000  -202.547745960000
2.744977  0.320000  -201.318043970000
2.744977  0.325000  -200.014218970000
2.744977  0.330000  -198.632683430000
2.744977  0.335000  -197.169985940000
2.744977  0.340000  -195.622631440000
2.744977  0.345000  -193.987195560000
2.744977  0.350000  -192.259634340000
2.744977  0.355000  -190.436486670000
2.744977  0.360000  -188.513373160000
2.744977  0.365000  -186.486557200000
2.744977  0.370000  -184.351866470000
2.744977  0.375000  -182.104915290000
2.744977  0.380000  -179.741428020000
2.744977  0.385000  -177.256189490000
2.744977  0.390000  -174.644428620000
2.744977  0.395000  -171.901692140000
2.744977  0.400000  -169.022537160000
2.744977  0.405000  -166.001281250000
2.744977  0.410000  -162.832705540000
2.744977  0.415000  -159.510947520000
2.744977  0.420000  -156.029898010000
2.744977  0.425000  -152.383796750000
2.744977  0.430000  -148.565828500000
2.744977  0.435000  -144.569652840000
2.744977  0.440000  -140.389127660000
2.744977  0.445000  -136.016717570000
2.744977  0.450000  -131.445591300000
2.744977  0.455000  -126.667364390000
2.744977  0.460000  -121.675158900000
2.744977  0.465000  -116.460700710000
2.744977  0.470000  -111.015748540000
2.744977  0.475000  -105.331370530000
2.744977  0.480000  -99.398964620000
2.744977  0.485000  -93.209035540000
2.744977  0.490000  -86.752268680000
2.744977  0.495000  -80.018499660000
2.744977  0.500000  -72.997666510000
2.744977  0.505000  -65.679424570000
2.744977  0.510000  -58.052943130000
2.744977  0.515000  -50.107141250000
2.744977  0.520000  -41.829868570000
2.744977  0.525000  -33.208633580000
2.744977  0.530000  -24.231711900000
2.744977  0.535000  -14.885910740000
2.744977  0.540000  -5.157461480000
2.744977  0.545000  4.967363030000
2.744977  0.550000  15.502905060000
