2.624119  0.000000  -205.265046260000
2.624119  0.005000  -205.264149090000
2.624119  0.010000  -205.261343220000
2.624119  0.015000  -205.257226470000
2.624119  0.020000  -205.251427330000
2.624119  0.025000  -205.243375810000
2.624119  0.030000  -205.232967320000
2.624119  0.035000  -205.220041940000
2.624119  0.040000  -205.204304980000
2.624119  0.045000  -205.185347370000
2.624119  0.050000  -205.162826250000
2.624119  0.055000  -205.136783800000
2.624119  0.060000  -205.106996660000
2.624119  0.065000  -205.072417160000
2.624119  0.070000  -205.032578100000
2.624119  0.075000  -204.986773190000
2.624119  0.080000  -204.935178000000
2.624119  0.085000  -204.876793920000
2.624119  0.090000  -204.810512710000
2.624119  0.095000  -204.735720510000
2.624119  0.100000  -204.651688250000
2.624119  0.105000  -204.557500730000
2.624119  0.110000  -204.452136250000
2.624119  0.115000  -204.334753500000
2.624119  0.120000  -204.204830220000
2.624119  0.125000  -204.061482940000
2.624119  0.130000  -203.903189010000
2.624119  0.135000  -203.728789780000
2.624119  0.140000  -203.536932000000
2.624119  0.145000  -203.327292160000
2.624119  0.150000  -203.098151700000
2.624119  0.155000  -202.847723280000
2.624119  0.160000  -202.574897200000
2.624119  0.165000  -202.278174850000
2.624119  0.170000  -201.955934920000
2.624119  0.175000  -201.606422590000
2.624119  0.180000  -201.228154440000
2.624119  0.185000  -200.819916540000
2.624119  0.190000  -200.380038520000
2.624119  0.195000  -199.906306430000
2.624119  0.200000  -199.396759800000
2.624119  0.205000  -198.849211780000
2.624119  0.210000  -198.262642900000
2.624119  0.215000  -197.634423110000
2.624119  0.220000  -196.961891540000
2.624119  0.225000  -196.243176240000
2.624119  0.230000  -195.475810110000
2.624119  0.235000  -194.657229140000
2.624119  0.240000  -193.784691600000
2.624119  0.245000  -192.855790490000
2.624119  0.250000  -191.868342210000
2.624119  0.255000  -190.819603480000
2.624119  0.260000  -189.706364520000
2.624119  0.265000  -188.525514630000
2.624119  0.270000  -187.273748410000
2.624119  0.275000  -185.948926540000
2.624119  0.280000  -184.547143710000
2.624119  0.285000  -183.064531370000
2.624119  0.290000  -181.498033370000
2.624119  0.295000  -179.843784680000
2.624119  0.300000  -178.097855400000
2.624119  0.305000  -176.256060930000
2.624119  0.310000  -174.314587210000
2.624119  0.315000  -172.269784230000
2.624119  0.320000  -170.117339290000
2.624119  0.325000  -167.852502890000
2.624119  0.330000  -165.470474730000
2.624119  0.335000  -162.966213460000
2.624119  0.340000  -160.335930630000
2.624119  0.345000  -157.573838410000
2.624119  0.350000  -154.674147920000
2.624119  0.355000  -151.631985860000
2.624119  0.360000  -148.441396600000
2.624119  0.365000  -145.096381970000
2.624119  0.370000  -141.590577700000
2.624119  0.375000  -137.917980640000
2.624119  0.380000  -134.072669900000
2.624119  0.385000  -130.047950210000
2.624119  0.390000  -125.836672100000
2.624119  0.395000  -121.431453860000
2.624119  0.400000  -116.824644190000
2.624119  0.405000  -112.009761540000
2.624119  0.410000  -106.978158010000
2.624119  0.415000  -101.721144970000
2.624119  0.420000  -96.230923540000
2.624119  0.425000  -90.498341950000
2.624119  0.430000  -84.514183970000
2.624119  0.435000  -78.268703240000
2.624119  0.440000  -71.752449970000
2.624119  0.445000  -64.955927630000
2.624119  0.450000  -57.868737450000
2.624119  0.455000  -50.479917010000
2.624119  0.460000  -42.778053110000
2.624119  0.465000  -34.751390110000
2.624119  0.470000  -26.389181470000
2.624119  0.475000  -17.678300130000
2.624119  0.480000  -8.605483610000
2.624119  0.485000  0.841737180000
2.624119  0.490000  10.677516960000
2.624119  0.495000  20.916171010000
2.624119  0.500000  31.572713330000
2.624119  0.505000  42.662058930000
2.624119  0.510000  54.199325330000
2.624119  0.515000  66.200757910000
2.624119  0.520000  78.683315930000
2.624119  0.525000  91.664704750000
2.624119  0.530000  105.163119870000
2.624119  0.535000  119.195945070000
2.624119  0.540000  133.783273880000
2.624119  0.545000  148.945459610000
2.624119  0.550000  164.702267420000
