2.909331  0.000000  -222.232142510000
2.909331  0.005000  -222.236166790000
2.909331  0.010000  -222.248760900000
2.909331  0.015000  -222.269495240000
2.909331  0.020000  -222.298115190000
2.909331  0.025000  -222.334563410000
2.909331  0.030000  -222.378980860000
2.909331  0.035000  -222.431061600000
2.909331  0.040000  -222.490972920000
2.909331  0.045000  -222.558418900000
2.909331  0.050000  -222.633249880000
2.909331  0.055000  -222.715357850000
2.909331  0.060000  -222.804411000000
2.909331  0.065000  -222.900283560000
2.909331  0.070000  -223.002409870000
2.909331  0.075000  -223.110659710000
2.909331  0.080000  -223.224936840000
2.909331  0.085000  -223.344945700000
2.909331  0.090000  -223.470324950000
2.909331  0.095000  -223.600732580000
2.909331  0.100000  -223.735403360000
2.909331  0.105000  -223.874222180000
2.909331  0.110000  -224.016516920000
2.909331  0.115000  -224.161823080000
2.909331  0.120000  -224.309956590000
2.909331  0.125000  -224.460743640000
2.909331  0.130000  -224.613187050000
2.909331  0.135000  -224.767397960000
2.909331  0.140000  -224.922344080000
2.909331  0.145000  -225.077161310000
2.909331  0.150000  -225.231398020000
2.909331  0.155000  -225.384544920000
2.909331  0.160000  -225.535894700000
2.909331  0.165000  -225.684951250000
2.909331  0.170000  -225.830922720000
2.909331  0.175000  -225.972908770000
2.909331  0.180000  -226.110290720000
2.909331  0.185000  -226.242258000000
2.909331  0.190000  -226.368520310000
2.909331  0.195000  -226.487312740000
2.909331  0.200000  -226.598038560000
2.909331  0.205000  -226.700007270000
2.909331  0.210000  -226.792478880000
2.909331  0.215000  -226.874615140000
2.909331  0.220000  -226.945227960000
2.909331  0.225000  -227.002776020000
2.909331  0.230000  -227.046604820000
2.909331  0.235000  -227.075434900000
2.909331  0.240000  -227.087962420000
2.909331  0.245000  -227.083397370000
2.909331  0.250000  -227.060996240000
2.909331  0.255000  -227.019022420000
2.909331  0.260000  -226.956665550000
2.909331  0.265000  -226.872506010000
2.909331  0.270000  -226.764567510000
2.909331  0.275000  -226.631717580000
2.909331  0.280000  -226.472604900000
2.909331  0.285000  -226.285844820000
2.909331  0.290000  -226.069849750000
2.909331  0.295000  -225.823226310000
2.909331  0.300000  -225.543843730000
2.909331  0.305000  -225.230146530000
2.909331  0.310000  -224.880410680000
2.909331  0.315000  -224.493904330000
2.909331  0.320000  -224.067242840000
2.909331  0.325000  -223.598814650000
2.909331  0.330000  -223.086752390000
2.909331  0.335000  -222.529404250000
2.909331  0.340000  -221.924982650000
2.909331  0.345000  -221.270897670000
2.909331  0.350000  -220.564173950000
2.909331  0.355000  -219.802897480000
2.909331  0.360000  -218.984589980000
2.909331  0.365000  -218.106338500000
2.909331  0.370000  -217.165976250000
2.909331  0.375000  -216.161474520000
2.909331  0.380000  -215.089575860000
2.909331  0.385000  -213.947556500000
2.909331  0.390000  -212.732849190000
2.909331  0.395000  -211.441406770000
2.909331  0.400000  -210.070368630000
2.909331  0.405000  -208.616584160000
2.909331  0.410000  -207.076828560000
2.909331  0.415000  -205.447403180000
2.909331  0.420000  -203.725123940000
2.909331  0.425000  -201.905483810000
2.909331  0.430000  -199.984699210000
2.909331  0.435000  -197.958969410000
2.909331  0.440000  -195.825198060000
2.909331  0.445000  -193.577677130000
2.909331  0.450000  -191.212089630000
2.909331  0.455000  -188.723699030000
2.909331  0.460000  -186.108597800000
2.909331  0.465000  -183.362332640000
2.909331  0.470000  -180.479111760000
2.909331  0.475000  -177.453184310000
2.909331  0.480000  -174.279281630000
2.909331  0.485000  -170.951796590000
2.909331  0.490000  -167.464469080000
2.909331  0.495000  -163.811733870000
2.909331  0.500000  -159.988035360000
2.909331  0.505000  -155.986580740000
2.909331  0.510000  -151.800518420000
2.909331  0.515000  -147.423890210000
2.909331  0.520000  -142.848315860000
2.909331  0.525000  -138.066641940000
2.909331  0.530000  -133.071317300000
2.909331  0.535000  -127.854708350000
2.909331  0.540000  -122.408360440000
2.909331  0.545000  -116.724265830000
2.909331  0.550000  -110.792957330000
