2.717028  0.000000  -214.706927860000
2.717028  0.005000  -214.708146420000
2.717028  0.010000  -214.711724370000
2.717028  0.015000  -214.717783360000
2.717028  0.020000  -214.726152560000
2.717028  0.025000  -214.736928720000
2.717028  0.030000  -214.750032160000
2.717028  0.035000  -214.765078580000
2.717028  0.040000  -214.781433210000
2.717028  0.045000  -214.799697490000
2.717028  0.050000  -214.819304840000
2.717028  0.055000  -214.839721090000
2.717028  0.060000  -214.860878300000
2.717028  0.065000  -214.882132450000
2.717028  0.070000  -214.903051010000
2.717028  0.075000  -214.923237400000
2.717028  0.080000  -214.942150300000
2.717028  0.085000  -214.959597460000
2.717028  0.090000  -214.974923200000
2.717028  0.095000  -214.987618410000
2.717028  0.100000  -214.997286540000
2.717028  0.105000  -215.002442590000
2.717028  0.110000  -215.003154690000
2.717028  0.115000  -214.998745450000
2.717028  0.120000  -214.988276700000
2.717028  0.125000  -214.970805180000
2.717028  0.130000  -214.945657360000
2.717028  0.135000  -214.911761770000
2.717028  0.140000  -214.868229750000
2.717028  0.145000  -214.814064010000
2.717028  0.150000  -214.748458210000
2.717028  0.155000  -214.670362640000
2.717028  0.160000  -214.578887150000
2.717028  0.165000  -214.472953640000
2.717028  0.170000  -214.351003720000
2.717028  0.175000  -214.211680740000
2.717028  0.180000  -214.054586290000
2.717028  0.185000  -213.878053800000
2.717028  0.190000  -213.680374330000
2.717028  0.195000  -213.460535350000
2.717028  0.200000  -213.216869940000
2.717028  0.205000  -212.947734050000
2.717028  0.210000  -212.651684520000
2.717028  0.215000  -212.326971860000
2.717028  0.220000  -211.972238040000
2.717028  0.225000  -211.585850030000
2.717028  0.230000  -211.165877320000
2.717028  0.235000  -210.710705230000
2.717028  0.240000  -210.217468180000
2.717028  0.245000  -209.685301760000
2.717028  0.250000  -209.112029460000
2.717028  0.255000  -208.495154510000
2.717028  0.260000  -207.832522460000
2.717028  0.265000  -207.121978500000
2.717028  0.270000  -206.360938100000
2.717028  0.275000  -205.547032550000
2.717028  0.280000  -204.677621520000
2.717028  0.285000  -203.750357770000
2.717028  0.290000  -202.762624920000
2.717028  0.295000  -201.711758500000
2.717028  0.300000  -200.594916260000
2.717028  0.305000  -199.408560400000
2.717028  0.310000  -198.149748070000
2.717028  0.315000  -196.816074840000
2.717028  0.320000  -195.403883610000
2.717028  0.325000  -193.909312810000
2.717028  0.330000  -192.329334870000
2.717028  0.335000  -190.660061840000
2.717028  0.340000  -188.897617470000
2.717028  0.345000  -187.038179780000
2.717028  0.350000  -185.077597570000
2.717028  0.355000  -183.011994290000
2.717028  0.360000  -180.837342360000
2.717028  0.365000  -178.548918860000
2.717028  0.370000  -176.142314360000
2.717028  0.375000  -173.611810420000
2.717028  0.380000  -170.953825620000
2.717028  0.385000  -168.163019400000
2.717028  0.390000  -165.233604150000
2.717028  0.395000  -162.160414950000
2.717028  0.400000  -158.937838130000
2.717028  0.405000  -155.559855030000
2.717028  0.410000  -152.020489290000
2.717028  0.415000  -148.313296150000
2.717028  0.420000  -144.432162560000
2.717028  0.425000  -140.370716330000
2.717028  0.430000  -136.121925960000
2.717028  0.435000  -131.678814540000
2.717028  0.440000  -127.033294550000
2.717028  0.445000  -122.178127910000
2.717028  0.450000  -117.106077970000
2.717028  0.455000  -111.808648020000
2.717028  0.460000  -106.276900910000
2.717028  0.465000  -100.502600430000
2.717028  0.470000  -94.476476270000
2.717028  0.475000  -88.189170830000
2.717028  0.480000  -81.630859760000
2.717028  0.485000  -74.791531330000
2.717028  0.490000  -67.661075790000
2.717028  0.495000  -60.229113040000
2.717028  0.500000  -52.484264220000
2.717028  0.505000  -44.415019910000
2.717028  0.510000  -36.008662140000
2.717028  0.515000  -27.254357210000
2.717028  0.520000  -18.138985900000
2.717028  0.525000  -8.648739440000
2.717028  0.530000  1.229559510000
2.717028  0.535000  11.510114890000
2.717028  0.540000  22.207680250000
2.717028  0.545000  33.337441750000
2.717028  0.550000  44.915315640000
