2.855228  0.000000  -221.435572040000
2.855228  0.005000  -221.439024660000
2.855228  0.010000  -221.449306980000
2.855228  0.015000  -221.466621230000
2.855228  0.020000  -221.490793280000
2.855228  0.025000  -221.521527960000
2.855228  0.030000  -221.559118090000
2.855228  0.035000  -221.603355550000
2.855228  0.040000  -221.653865160000
2.855228  0.045000  -221.710498680000
2.855228  0.050000  -221.773208730000
2.855228  0.055000  -221.841536810000
2.855228  0.060000  -221.915528360000
2.855228  0.065000  -221.994535840000
2.855228  0.070000  -222.078728290000
2.855228  0.075000  -222.167497980000
2.855228  0.080000  -222.260820520000
2.855228  0.085000  -222.357934780000
2.855228  0.090000  -222.458741200000
2.855228  0.095000  -222.562826590000
2.855228  0.100000  -222.669551230000
2.855228  0.105000  -222.778529620000
2.855228  0.110000  -222.889396140000
2.855228  0.115000  -223.001667950000
2.855228  0.120000  -223.114667340000
2.855228  0.125000  -223.227891160000
2.855228  0.130000  -223.340916270000
2.855228  0.135000  -223.453042180000
2.855228  0.140000  -223.563524100000
2.855228  0.145000  -223.671587210000
2.855228  0.150000  -223.776886460000
2.855228  0.155000  -223.878610230000
2.855228  0.160000  -223.975733290000
2.855228  0.165000  -224.067961590000
2.855228  0.170000  -224.154549570000
2.855228  0.175000  -224.234204610000
2.855228  0.180000  -224.306107550000
2.855228  0.185000  -224.369597820000
2.855228  0.190000  -224.423390940000
2.855228  0.195000  -224.466801030000
2.855228  0.200000  -224.498398070000
2.855228  0.205000  -224.517721050000
2.855228  0.210000  -224.523051650000
2.855228  0.215000  -224.514492950000
2.855228  0.220000  -224.489698110000
2.855228  0.225000  -224.448362320000
2.855228  0.230000  -224.388783910000
2.855228  0.235000  -224.309771660000
2.855228  0.240000  -224.209953000000
2.855228  0.245000  -224.088006860000
2.855228  0.250000  -223.942865420000
2.855228  0.255000  -223.772648220000
2.855228  0.260000  -223.575893900000
2.855228  0.265000  -223.351631530000
2.855228  0.270000  -223.097927620000
2.855228  0.275000  -222.813183230000
2.855228  0.280000  -222.495666840000
2.855228  0.285000  -222.143590550000
2.855228  0.290000  -221.755679880000
2.855228  0.295000  -221.329434640000
2.855228  0.300000  -220.863011530000
2.855228  0.305000  -220.355310050000
2.855228  0.310000  -219.803661210000
2.855228  0.315000  -219.205837510000
2.855228  0.320000  -218.559701160000
2.855228  0.325000  -217.863123610000
2.855228  0.330000  -217.113409780000
2.855228  0.335000  -216.308306940000
2.855228  0.340000  -215.445199370000
2.855228  0.345000  -214.521483880000
2.855228  0.350000  -213.534970090000
2.855228  0.355000  -212.482965600000
2.855228  0.360000  -211.362293930000
2.855228  0.365000  -210.170274330000
2.855228  0.370000  -208.903900270000
2.855228  0.375000  -207.559352030000
2.855228  0.380000  -206.133805420000
2.855228  0.385000  -204.623992260000
2.855228  0.390000  -203.026117210000
2.855228  0.395000  -201.336559880000
2.855228  0.400000  -199.552068580000
2.855228  0.405000  -197.668691220000
2.855228  0.410000  -195.682338790000
2.855228  0.415000  -193.588818380000
2.855228  0.420000  -191.383684670000
2.855228  0.425000  -189.063122410000
2.855228  0.430000  -186.622307480000
2.855228  0.435000  -184.056003240000
2.855228  0.440000  -181.360387590000
2.855228  0.445000  -178.530267380000
2.855228  0.450000  -175.559842690000
2.855228  0.455000  -172.443889550000
2.855228  0.460000  -169.177123540000
2.855228  0.465000  -165.753012580000
2.855228  0.470000  -162.165997400000
2.855228  0.475000  -158.409394270000
2.855228  0.480000  -154.477352850000
2.855228  0.485000  -150.362524690000
2.855228  0.490000  -146.060027830000
2.855228  0.495000  -141.561010720000
2.855228  0.500000  -136.859504610000
2.855228  0.505000  -131.947141780000
2.855228  0.510000  -126.815858480000
2.855228  0.515000  -121.457674130000
2.855228  0.520000  -115.864048300000
2.855228  0.525000  -110.026581260000
2.855228  0.530000  -103.935726580000
2.855228  0.535000  -97.582580470000
2.855228  0.540000  -90.958157840000
2.855228  0.545000  -84.051807740000
2.855228  0.550000  -76.853291000000
