2.744977  0.000000  -243.422756690000
2.744977  0.005000  -243.426672070000
2.744977  0.010000  -243.438319740000
2.744977  0.015000  -243.458234700000
2.744977  0.020000  -243.486864040000
2.744977  0.025000  -243.525283310000
2.744977  0.030000  -243.573654990000
2.744977  0.035000  -243.632070840000
2.744977  0.040000  -243.699753820000
2.744977  0.045000  -243.774428950000
2.744977  0.050000  -243.852873180000
2.744977  0.055000  -243.932816770000
2.744977  0.060000  -244.012529800000
2.744977  0.065000  -244.091017990000
2.744977  0.070000  -244.168155650000
2.744977  0.075000  -244.243651490000
2.744977  0.080000  -244.316732400000
2.744977  0.085000  -244.387022010000
2.744977  0.090000  -244.453652000000
2.744977  0.095000  -244.516669510000
2.744977  0.100000  -244.576957820000
2.744977  0.105000  -244.636862860000
2.744977  0.110000  -244.699493850000
2.744977  0.115000  -244.765246310000
2.744977  0.120000  -244.832950270000
2.744977  0.125000  -244.900240740000
2.744977  0.130000  -244.965208430000
2.744977  0.135000  -245.025878800000
2.744977  0.140000  -245.080885260000
2.744977  0.145000  -245.128532590000
2.744977  0.150000  -245.167712700000
2.744977  0.155000  -245.197183400000
2.744977  0.160000  -245.216029060000
2.744977  0.165000  -245.222901880000
2.744977  0.170000  -245.216986110000
2.744977  0.175000  -245.196939210000
2.744977  0.180000  -245.161324260000
2.744977  0.185000  -245.108449540000
2.744977  0.190000  -245.037566280000
2.744977  0.195000  -244.947025330000
2.744977  0.200000  -244.835140790000
2.744977  0.205000  -244.700617810000
2.744977  0.210000  -244.542105410000
2.744977  0.215000  -244.357750080000
2.744977  0.220000  -244.146549450000
2.744977  0.225000  -243.906585780000
2.744977  0.230000  -243.636680300000
2.744977  0.235000  -243.335260440000
2.744977  0.240000  -243.000573830000
2.744977  0.245000  -242.631041300000
2.744977  0.250000  -242.224252610000
2.744977  0.255000  -241.778752250000
2.744977  0.260000  -241.292735970000
2.744977  0.265000  -240.764001270000
2.744977  0.270000  -240.190194440000
2.744977  0.275000  -239.569518230000
2.744977  0.280000  -238.899454580000
2.744977  0.285000  -238.177658870000
2.744977  0.290000  -237.401789760000
2.744977  0.295000  -236.569153020000
2.744977  0.300000  -235.677079770000
2.744977  0.305000  -234.723352490000
2.744977  0.310000  -233.704724690000
2.744977  0.315000  -232.618565670000
2.744977  0.320000  -231.461136560000
2.744977  0.325000  -230.230317290000
2.744977  0.330000  -228.922430260000
2.744977  0.335000  -227.533897240000
2.744977  0.340000  -226.061166560000
2.744977  0.345000  -224.500846480000
2.744977  0.350000  -222.848946390000
2.744977  0.355000  -221.102071210000
2.744977  0.360000  -219.255727070000
2.744977  0.365000  -217.306033520000
2.744977  0.370000  -215.248789470000
2.744977  0.375000  -213.079742960000
2.744977  0.380000  -210.794731100000
2.744977  0.385000  -208.388457030000
2.744977  0.390000  -205.856091050000
2.744977  0.395000  -203.193215130000
2.744977  0.400000  -200.394398830000
2.744977  0.405000  -197.453912010000
2.744977  0.410000  -194.366518490000
2.744977  0.415000  -191.126313480000
2.744977  0.420000  -187.727130960000
2.744977  0.425000  -184.163277000000
2.744977  0.430000  -180.427951590000
2.744977  0.435000  -176.514747640000
2.744977  0.440000  -172.417474570000
2.744977  0.445000  -168.128562990000
2.744977  0.450000  -163.641322560000
2.744977  0.455000  -158.947337050000
2.744977  0.460000  -154.039784350000
2.744977  0.465000  -148.910212200000
2.744977  0.470000  -143.550342210000
2.744977  0.475000  -137.951329230000
2.744977  0.480000  -132.104635720000
2.744977  0.485000  -126.000608150000
2.744977  0.490000  -119.629982950000
2.744977  0.495000  -112.982669200000
2.744977  0.500000  -106.048612280000
2.744977  0.505000  -98.817398720000
2.744977  0.510000  -91.278122350000
2.744977  0.515000  -83.419691810000
2.744977  0.520000  -75.229879750000
2.744977  0.525000  -66.696273460000
2.744977  0.530000  -57.807357860000
2.744977  0.535000  -48.549832730000
2.744977  0.540000  -38.909761850000
2.744977  0.545000  -28.873450370000
2.744977  0.550000  -18.426701260000
