2.855228  0.000000  -247.193698950000
2.855228  0.005000  -247.198708910000
2.855228  0.010000  -247.213753580000
2.855228  0.015000  -247.239276390000
2.855228  0.020000  -247.275512360000
2.855228  0.025000  -247.322858640000
2.855228  0.030000  -247.382471680000
2.855228  0.035000  -247.454566130000
2.855228  0.040000  -247.538804540000
2.855228  0.045000  -247.634034950000
2.855228  0.050000  -247.737974990000
2.855228  0.055000  -247.847902380000
2.855228  0.060000  -247.962743370000
2.855228  0.065000  -248.081551620000
2.855228  0.070000  -248.204465960000
2.855228  0.075000  -248.331108550000
2.855228  0.080000  -248.461288620000
2.855228  0.085000  -248.593891480000
2.855228  0.090000  -248.728615230000
2.855228  0.095000  -248.865182860000
2.855228  0.100000  -249.003674790000
2.855228  0.105000  -249.145146600000
2.855228  0.110000  -249.291083900000
2.855228  0.115000  -249.442285460000
2.855228  0.120000  -249.598249370000
2.855228  0.125000  -249.758004580000
2.855228  0.130000  -249.920413980000
2.855228  0.135000  -250.084073140000
2.855228  0.140000  -250.247694400000
2.855228  0.145000  -250.410073670000
2.855228  0.150000  -250.570563480000
2.855228  0.155000  -250.728099800000
2.855228  0.160000  -250.881476720000
2.855228  0.165000  -251.030343760000
2.855228  0.170000  -251.173898710000
2.855228  0.175000  -251.310753400000
2.855228  0.180000  -251.440005560000
2.855228  0.185000  -251.560945230000
2.855228  0.190000  -251.672121210000
2.855228  0.195000  -251.772767450000
2.855228  0.200000  -251.861373630000
2.855228  0.205000  -251.937501650000
2.855228  0.210000  -251.999419020000
2.855228  0.215000  -252.047415170000
2.855228  0.220000  -252.079038980000
2.855228  0.225000  -252.094058850000
2.855228  0.230000  -252.090765120000
2.855228  0.235000  -252.068036400000
2.855228  0.240000  -252.024605730000
2.855228  0.245000  -251.959277950000
2.855228  0.250000  -251.871135420000
2.855228  0.255000  -251.758298820000
2.855228  0.260000  -251.619339430000
2.855228  0.265000  -251.453365130000
2.855228  0.270000  -251.258433210000
2.855228  0.275000  -251.033014880000
2.855228  0.280000  -250.775418080000
2.855228  0.285000  -250.483923700000
2.855228  0.290000  -250.157352040000
2.855228  0.295000  -249.793167940000
2.855228  0.300000  -249.389548140000
2.855228  0.305000  -248.945441830000
2.855228  0.310000  -248.458052260000
2.855228  0.315000  -247.925157840000
2.855228  0.320000  -247.344686740000
2.855228  0.325000  -246.714505810000
2.855228  0.330000  -246.031768550000
2.855228  0.335000  -245.294143450000
2.855228  0.340000  -244.499076970000
2.855228  0.345000  -243.644046430000
2.855228  0.350000  -242.726926530000
2.855228  0.355000  -241.744958820000
2.855228  0.360000  -240.694855620000
2.855228  0.365000  -239.573938750000
2.855228  0.370000  -238.379181800000
2.855228  0.375000  -237.106680210000
2.855228  0.380000  -235.753678150000
2.855228  0.385000  -234.316941510000
2.855228  0.390000  -232.792659310000
2.855228  0.395000  -231.177169110000
2.855228  0.400000  -229.467195820000
2.855228  0.405000  -227.658748900000
2.855228  0.410000  -225.747785640000
2.855228  0.415000  -223.730183630000
2.855228  0.420000  -221.601461760000
2.855228  0.425000  -219.357739480000
2.855228  0.430000  -216.994041020000
2.855228  0.435000  -214.505174090000
2.855228  0.440000  -211.887554190000
2.855228  0.445000  -209.135965340000
2.855228  0.450000  -206.244487990000
2.855228  0.455000  -203.207991140000
2.855228  0.460000  -200.021296280000
2.855228  0.465000  -196.677741260000
2.855228  0.470000  -193.171714000000
2.855228  0.475000  -189.496455840000
2.855228  0.480000  -185.646137010000
2.855228  0.485000  -181.613397560000
2.855228  0.490000  -177.393614990000
2.855228  0.495000  -172.977664420000
2.855228  0.500000  -168.359526980000
2.855228  0.505000  -163.530734850000
2.855228  0.510000  -158.483324680000
2.855228  0.515000  -153.209373960000
2.855228  0.520000  -147.700325780000
2.855228  0.525000  -141.947644550000
2.855228  0.530000  -135.941663920000
2.855228  0.535000  -129.673631330000
2.855228  0.540000  -123.134623640000
2.855228  0.545000  -116.313782650000
2.855228  0.550000  -109.201000020000
