2.717028  0.000000  -241.676515640000
2.717028  0.005000  -241.679985050000
2.717028  0.010000  -241.690449590000
2.717028  0.015000  -241.708478250000
2.717028  0.020000  -241.734626280000
2.717028  0.025000  -241.769919460000
2.717028  0.030000  -241.814833590000
2.717028  0.035000  -241.868760300000
2.717028  0.040000  -241.930329030000
2.717028  0.045000  -241.998231270000
2.717028  0.050000  -242.068742420000
2.717028  0.055000  -242.138731240000
2.717028  0.060000  -242.206991620000
2.717028  0.065000  -242.272492470000
2.717028  0.070000  -242.334808390000
2.717028  0.075000  -242.393704650000
2.717028  0.080000  -242.448533250000
2.717028  0.085000  -242.498832490000
2.717028  0.090000  -242.543839460000
2.717028  0.095000  -242.583653590000
2.717028  0.100000  -242.619671970000
2.717028  0.105000  -242.654000210000
2.717028  0.110000  -242.690918960000
2.717028  0.115000  -242.730861890000
2.717028  0.120000  -242.771380480000
2.717028  0.125000  -242.809841440000
2.717028  0.130000  -242.844306940000
2.717028  0.135000  -242.872665310000
2.717028  0.140000  -242.893249700000
2.717028  0.145000  -242.904521030000
2.717028  0.150000  -242.905341740000
2.717028  0.155000  -242.894500610000
2.717028  0.160000  -242.871006180000
2.717028  0.165000  -242.833686690000
2.717028  0.170000  -242.780850580000
2.717028  0.175000  -242.710975290000
2.717028  0.180000  -242.623518520000
2.717028  0.185000  -242.516581950000
2.717028  0.190000  -242.388234100000
2.717028  0.195000  -242.237379540000
2.717028  0.200000  -242.062255590000
2.717028  0.205000  -241.861149130000
2.717028  0.210000  -241.632642940000
2.717028  0.215000  -241.375005370000
2.717028  0.220000  -241.087008190000
2.717028  0.225000  -240.767150420000
2.717028  0.230000  -240.413574390000
2.717028  0.235000  -240.024794190000
2.717028  0.240000  -239.597948460000
2.717028  0.245000  -239.132298720000
2.717028  0.250000  -238.625689990000
2.717028  0.255000  -238.075649460000
2.717028  0.260000  -237.480119140000
2.717028  0.265000  -236.837041770000
2.717028  0.270000  -236.143889150000
2.717028  0.275000  -235.398403020000
2.717028  0.280000  -234.597989130000
2.717028  0.285000  -233.740352160000
2.717028  0.290000  -232.822917920000
2.717028  0.295000  -231.842996970000
2.717028  0.300000  -230.797689750000
2.717028  0.305000  -229.683413270000
2.717028  0.310000  -228.497277300000
2.717028  0.315000  -227.236978600000
2.717028  0.320000  -225.898855680000
2.717028  0.325000  -224.478991190000
2.717028  0.330000  -222.974313850000
2.717028  0.335000  -221.380826540000
2.717028  0.340000  -219.694625920000
2.717028  0.345000  -217.911957100000
2.717028  0.350000  -216.028712630000
2.717028  0.355000  -214.041016850000
2.717028  0.360000  -211.944716250000
2.717028  0.365000  -209.734947570000
2.717028  0.370000  -207.407406090000
2.717028  0.375000  -204.956419670000
2.717028  0.380000  -202.378510120000
2.717028  0.385000  -199.668241830000
2.717028  0.390000  -196.819740770000
2.717028  0.395000  -193.827895790000
2.717028  0.400000  -190.687099990000
2.717028  0.405000  -187.391272210000
2.717028  0.410000  -183.934397010000
2.717028  0.415000  -180.309958370000
2.717028  0.420000  -176.511875400000
2.717028  0.425000  -172.533896450000
2.717028  0.430000  -168.368961750000
2.717028  0.435000  -164.010004500000
2.717028  0.440000  -159.448833170000
2.717028  0.445000  -154.678328880000
2.717028  0.450000  -149.691351860000
2.717028  0.455000  -144.479393920000
2.717028  0.460000  -139.033364860000
2.717028  0.465000  -133.344966630000
2.717028  0.470000  -127.404979090000
2.717028  0.475000  -121.204097010000
2.717028  0.480000  -114.732387110000
2.717028  0.485000  -107.979798260000
2.717028  0.490000  -100.936347490000
2.717028  0.495000  -93.591752170000
2.717028  0.500000  -85.934555660000
2.717028  0.505000  -77.953197220000
2.717028  0.510000  -69.634872070000
2.717028  0.515000  -60.968792200000
2.717028  0.520000  -51.941823960000
2.717028  0.525000  -42.540266660000
2.717028  0.530000  -32.751018100000
2.717028  0.535000  -22.559713060000
2.717028  0.540000  -11.951490600000
2.717028  0.545000  -0.911270330000
2.717028  0.550000  10.576823680000
