2.624119  0.000000  -233.039739240000
2.624119  0.005000  -233.041680800000
2.624119  0.010000  -233.047523180000
2.624119  0.015000  -233.058536500000
2.624119  0.020000  -233.075199830000
2.624119  0.025000  -233.097859410000
2.624119  0.030000  -233.126779060000
2.624119  0.035000  -233.161051100000
2.624119  0.040000  -233.198947420000
2.624119  0.045000  -233.237102090000
2.624119  0.050000  -233.271685360000
2.624119  0.055000  -233.300074270000
2.624119  0.060000  -233.320630670000
2.624119  0.065000  -233.331887810000
2.624119  0.070000  -233.333418310000
2.624119  0.075000  -233.324617620000
2.624119  0.080000  -233.305675410000
2.624119  0.085000  -233.275290660000
2.624119  0.090000  -233.232632420000
2.624119  0.095000  -233.178579610000
2.624119  0.100000  -233.116339590000
2.624119  0.105000  -233.052303590000
2.624119  0.110000  -232.989952520000
2.624119  0.115000  -232.926073380000
2.624119  0.120000  -232.856870080000
2.624119  0.125000  -232.779239120000
2.624119  0.130000  -232.690215630000
2.624119  0.135000  -232.587596940000
2.624119  0.140000  -232.469281980000
2.624119  0.145000  -232.334602780000
2.624119  0.150000  -232.181569030000
2.624119  0.155000  -232.008257330000
2.624119  0.160000  -231.813518870000
2.624119  0.165000  -231.595692940000
2.624119  0.170000  -231.352887830000
2.624119  0.175000  -231.083012000000
2.624119  0.180000  -230.784291550000
2.624119  0.185000  -230.455247520000
2.624119  0.190000  -230.093974650000
2.624119  0.195000  -229.698141530000
2.624119  0.200000  -229.265721300000
2.624119  0.205000  -228.794505410000
2.624119  0.210000  -228.283652620000
2.624119  0.215000  -227.730573480000
2.624119  0.220000  -227.132686330000
2.624119  0.225000  -226.488298950000
2.624119  0.230000  -225.795009870000
2.624119  0.235000  -225.050277430000
2.624119  0.240000  -224.251376420000
2.624119  0.245000  -223.396009650000
2.624119  0.250000  -222.482121790000
2.624119  0.255000  -221.507034800000
2.624119  0.260000  -220.467623720000
2.624119  0.265000  -219.360882640000
2.624119  0.270000  -218.183569510000
2.624119  0.275000  -216.933716560000
2.624119  0.280000  -215.607425060000
2.624119  0.285000  -214.200800440000
2.624119  0.290000  -212.710800450000
2.624119  0.295000  -211.133528690000
2.624119  0.300000  -209.465074290000
2.624119  0.305000  -207.701272750000
2.624119  0.310000  -205.838390040000
2.624119  0.315000  -203.872840340000
2.624119  0.320000  -201.800250860000
2.624119  0.325000  -199.615794280000
2.624119  0.330000  -197.314642920000
2.624119  0.335000  -194.891737920000
2.624119  0.340000  -192.343382510000
2.624119  0.345000  -189.663691410000
2.624119  0.350000  -186.846737200000
2.624119  0.355000  -183.887653140000
2.624119  0.360000  -180.780542120000
2.624119  0.365000  -177.519425220000
2.624119  0.370000  -174.097856060000
2.624119  0.375000  -170.509777350000
2.624119  0.380000  -166.749283450000
2.624119  0.385000  -162.809738150000
2.624119  0.390000  -158.684034450000
2.624119  0.395000  -154.364781170000
2.624119  0.400000  -149.844232270000
2.624119  0.405000  -145.115888530000
2.624119  0.410000  -140.171025100000
2.624119  0.415000  -135.000983500000
2.624119  0.420000  -129.598092060000
2.624119  0.425000  -123.953123130000
2.624119  0.430000  -118.056801010000
2.624119  0.435000  -111.899392540000
2.624119  0.440000  -105.471477470000
2.624119  0.445000  -98.763556800000
2.624119  0.450000  -91.765131250000
2.624119  0.455000  -84.465242230000
2.624119  0.460000  -76.852575820000
2.624119  0.465000  -68.915400820000
2.624119  0.470000  -60.642930250000
2.624119  0.475000  -52.021941830000
2.624119  0.480000  -43.039218630000
2.624119  0.485000  -33.682453030000
2.624119  0.490000  -23.937502750000
2.624119  0.495000  -13.790037420000
2.624119  0.500000  -3.224963640000
2.624119  0.505000  7.772723750000
2.624119  0.510000  19.218182900000
2.624119  0.515000  31.127622250000
2.624119  0.520000  43.517955610000
2.624119  0.525000  56.407049590000
2.624119  0.530000  69.813241180000
2.624119  0.535000  83.753798840000
2.624119  0.540000  98.248846680000
2.624119  0.545000  113.318820360000
2.624119  0.550000  128.983553970000
