2.909331  0.000000  -247.516366580000
2.909331  0.005000  -247.521738000000
2.909331  0.010000  -247.538394450000
2.909331  0.015000  -247.566126310000
2.909331  0.020000  -247.605034360000
2.909331  0.025000  -247.655579540000
2.909331  0.030000  -247.718586390000
2.909331  0.035000  -247.794444460000
2.909331  0.040000  -247.883751540000
2.909331  0.045000  -247.985524600000
2.909331  0.050000  -248.097640840000
2.909331  0.055000  -248.218130840000
2.909331  0.060000  -248.345601000000
2.909331  0.065000  -248.479499330000
2.909331  0.070000  -248.619101770000
2.909331  0.075000  -248.764309270000
2.909331  0.080000  -248.915020530000
2.909331  0.085000  -249.070686230000
2.909331  0.090000  -249.230659800000
2.909331  0.095000  -249.394625590000
2.909331  0.100000  -249.562405710000
2.909331  0.105000  -249.734959290000
2.909331  0.110000  -249.912855470000
2.909331  0.115000  -250.096530350000
2.909331  0.120000  -250.286067790000
2.909331  0.125000  -250.481059460000
2.909331  0.130000  -250.680080690000
2.909331  0.135000  -250.882708370000
2.909331  0.140000  -251.087434440000
2.909331  0.145000  -251.293062900000
2.909331  0.150000  -251.498910630000
2.909331  0.155000  -251.704248800000
2.909331  0.160000  -251.908213200000
2.909331  0.165000  -252.110217050000
2.909331  0.170000  -252.309362720000
2.909331  0.175000  -252.504640670000
2.909331  0.180000  -252.695409620000
2.909331  0.185000  -252.880830430000
2.909331  0.190000  -253.060569360000
2.909331  0.195000  -253.232731350000
2.909331  0.200000  -253.396646790000
2.909331  0.205000  -253.551682620000
2.909331  0.210000  -253.697148860000
2.909331  0.215000  -253.832237680000
2.909331  0.220000  -253.955713970000
2.909331  0.225000  -254.066020020000
2.909331  0.230000  -254.162576060000
2.909331  0.235000  -254.244196290000
2.909331  0.240000  -254.309670330000
2.909331  0.245000  -254.358327050000
2.909331  0.250000  -254.389491010000
2.909331  0.255000  -254.401458290000
2.909331  0.260000  -254.393509260000
2.909331  0.265000  -254.364224530000
2.909331  0.270000  -254.311650580000
2.909331  0.275000  -254.234787930000
2.909331  0.280000  -254.132347680000
2.909331  0.285000  -254.003016400000
2.909331  0.290000  -253.845246330000
2.909331  0.295000  -253.657604630000
2.909331  0.300000  -253.437893850000
2.909331  0.305000  -253.184574060000
2.909331  0.310000  -252.895924260000
2.909331  0.315000  -252.571317220000
2.909331  0.320000  -252.207236690000
2.909331  0.325000  -251.802059530000
2.909331  0.330000  -251.353960380000
2.909331  0.335000  -250.861305470000
2.909331  0.340000  -250.322288360000
2.909331  0.345000  -249.734178490000
2.909331  0.350000  -249.093879880000
2.909331  0.355000  -248.399574160000
2.909331  0.360000  -247.648812340000
2.909331  0.365000  -246.838593730000
2.909331  0.370000  -245.966718530000
2.909331  0.375000  -245.031207880000
2.909331  0.380000  -244.028832830000
2.909331  0.385000  -242.956918740000
2.909331  0.390000  -241.812865480000
2.909331  0.395000  -240.592466380000
2.909331  0.400000  -239.292886000000
2.909331  0.405000  -237.911025280000
2.909331  0.410000  -236.443705330000
2.909331  0.415000  -234.887234940000
2.909331  0.420000  -233.238512170000
2.909331  0.425000  -231.492967350000
2.909331  0.430000  -229.646763990000
2.909331  0.435000  -227.696032970000
2.909331  0.440000  -225.637860540000
2.909331  0.445000  -223.466473020000
2.909331  0.450000  -221.177472000000
2.909331  0.455000  -218.766042310000
2.909331  0.460000  -216.228345660000
2.909331  0.465000  -213.559992220000
2.909331  0.470000  -210.755168440000
2.909331  0.475000  -207.808122430000
2.909331  0.480000  -204.713563210000
2.909331  0.485000  -201.465876840000
2.909331  0.490000  -198.058774650000
2.909331  0.495000  -194.486704630000
2.909331  0.500000  -190.744087650000
2.909331  0.505000  -186.824172550000
2.909331  0.510000  -182.720200710000
2.909331  0.515000  -178.426249010000
2.909331  0.520000  -173.933649430000
2.909331  0.525000  -169.235221570000
2.909331  0.530000  -164.323486700000
2.909331  0.535000  -159.190785850000
2.909331  0.540000  -153.828565540000
2.909331  0.545000  -148.228857820000
2.909331  0.550000  -142.382159570000
