2.800  -0.400000  -6.730666458105
2.800  -0.398000  -6.760302911852
2.800  -0.396000  -6.789115111101
2.800  -0.394000  -6.817390263761
2.800  -0.392000  -6.845347443405
2.800  -0.390000  -6.873102577963
2.800  -0.388000  -6.900662495927
2.800  -0.386000  -6.927945223214
2.800  -0.384000  -6.954817003266
2.800  -0.382000  -6.981133458117
2.800  -0.380000  -7.006773500301
2.800  -0.378000  -7.031659078254
2.800  -0.376000  -7.055759529174
2.800  -0.374000  -7.079084010839
2.800  -0.372000  -7.101667796067
2.800  -0.370000  -7.123558011577
2.800  -0.368000  -7.144802552813
2.800  -0.366000  -7.165443602132
2.800  -0.364000  -7.185515346193
2.800  -0.362000  -7.205044530333
2.800  -0.360000  -7.224052341167
2.800  -0.358000  -7.242556464992
2.800  -0.356000  -7.260572690082
2.800  -0.354000  -7.278115867691
2.800  -0.352000  -7.295200319291
2.800  -0.350000  -7.311839882532
2.800  -0.348000  -7.328047783708
2.800  -0.346000  -7.343836472280
2.800  -0.344000  -7.359217495166
2.800  -0.342000  -7.374201443636
2.800  -0.340000  -7.388797976575
2.800  -0.338000  -7.403015907214
2.800  -0.336000  -7.416863332208
2.800  -0.334000  -7.430347779720
2.800  -0.332000  -7.443476355281
2.800  -0.330000  -7.456255869378
2.800  -0.328000  -7.468692937290
2.800  -0.326000  -7.480794048259
2.800  -0.324000  -7.492565606209
2.800  -0.322000  -7.504013947495
2.800  -0.320000  -7.515145342409
2.800  -0.318000  -7.525965986881
2.800  -0.316000  -7.536481989626
2.800  -0.314000  -7.546699358415
2.800  -0.312000  -7.556623987735
2.800  -0.310000  -7.566261648986
2.800  -0.308000  -7.575617983637
2.800  -0.306000  -7.584698499390
2.800  -0.304000  -7.593508569206
2.800  -0.302000  -7.602053433010
2.800  -0.300000  -7.610338201819
2.800  -0.298000  -7.618367863977
2.800  -0.296000  -7.626147293104
2.800  -0.294000  -7.633681257224
2.800  -0.292000  -7.640974428482
2.800  -0.290000  -7.648031392764
2.800  -0.288000  -7.654856658579
2.800  -0.286000  -7.661454664617
2.800  -0.284000  -7.667829785570
2.800  -0.282000  -7.673986335966
2.800  -0.280000  -7.679928571957
2.800  -0.278000  -7.685660691243
2.800  -0.276000  -7.691186831456
2.800  -0.274000  -7.696511067497
2.800  -0.272000  -7.701637408349
2.800  -0.270000  -7.706569793954
2.800  -0.268000  -7.711312092637
2.800  -0.266000  -7.715868099502
2.800  -0.264000  -7.720241536055
2.800  -0.262000  -7.724436051173
2.800  -0.260000  -7.728455223395
2.800  -0.258000  -7.732302564364
2.800  -0.256000  -7.735981523157
2.800  -0.254000  -7.739495491177
2.800  -0.252000  -7.742847807228
2.800  -0.250000  -7.746041762400
2.800  -0.248000  -7.749080604401
2.800  -0.246000  -7.751967541035
2.800  -0.244000  -7.754705742579
2.800  -0.242000  -7.757298342923
2.800  -0.240000  -7.759748439482
2.800  -0.238000  -7.762059091965
2.800  -0.236000  -7.764233320284
2.800  -0.234000  -7.766274101953
2.800  -0.232000  -7.768184369414
2.800  -0.230000  -7.769967007748
2.800  -0.228000  -7.771624853203
2.800  -0.226000  -7.773160692867
2.800  -0.224000  -7.774577265700
2.800  -0.222000  -7.775877264973
2.800  -0.220000  -7.777063342009
2.800  -0.218000  -7.778138110996
2.800  -0.216000  -7.779104154532
2.800  -0.214000  -7.779964029503
2.800  -0.212000  -7.780720272893
2.800  -0.210000  -7.781375407148
2.800  -0.208000  -7.781931944800
2.800  -0.206000  -7.782392392091
2.800  -0.204000  -7.782759251501
2.800  -0.202000  -7.783035023101
2.800  -0.200000  -7.783222204796
2.800  -0.198000  -7.783323291534
2.800  -0.196000  -7.783340773669
2.800  -0.194000  -7.783277134645
2.800  -0.192000  -7.783134848206
2.800  -0.190000  -7.782916375360
2.800  -0.188000  -7.782624161268
2.800  -0.186000  -7.782260632242
2.800  -0.184000  -7.781828192982
2.800  -0.182000  -7.781329224180
2.800  -0.180000  -7.780766080537
2.800  -0.178000  -7.780141089268
2.800  -0.176000  -7.779456549097
2.800  -0.174000  -7.778714729767
2.800  -0.172000  -7.777917872053
2.800  -0.170000  -7.777068188282
2.800  -0.168000  -7.776167863365
2.800  -0.166000  -7.775219056338
2.800  -0.164000  -7.774223902425
2.800  -0.162000  -7.773184515605
2.800  -0.160000  -7.772102991686
2.800  -0.158000  -7.770981411832
2.800  -0.156000  -7.769821846488
2.800  -0.154000  -7.768626359618
2.800  -0.152000  -7.767397013202
2.800  -0.150000  -7.766135871963
2.800  -0.148000  -7.764845008433
2.800  -0.146000  -7.763526508629
2.800  -0.144000  -7.762182478851
2.800  -0.142000  -7.760815054369
2.800  -0.140000  -7.759426410928
2.800  -0.138000  -7.758018780030
2.800  -0.136000  -7.756594468663
2.800  -0.134000  -7.755155883371
2.800  -0.132000  -7.753705557378
2.800  -0.130000  -7.752246177684
2.800  -0.128000  -7.750780607047
2.800  -0.126000  -7.749311893726
2.800  -0.124000  -7.747843260408
2.800  -0.122000  -7.746378063437
2.800  -0.120000  -7.744919714919
2.800  -0.118000  -7.743471563807
2.800  -0.116000  -7.742036737754
2.800  -0.114000  -7.740617954823
2.800  -0.112000  -7.739217322052
2.800  -0.110000  -7.737836145010
2.800  -0.108000  -7.736474777160
2.800  -0.106000  -7.735132538650
2.800  -0.104000  -7.733807729897
2.800  -0.102000  -7.732497755643
2.800  -0.100000  -7.731199360560
2.800  -0.098000  -7.729908959311
2.800  -0.096000  -7.728623024689
2.800  -0.094000  -7.727338480494
2.800  -0.092000  -7.726053035248
2.800  -0.090000  -7.724765393227
2.800  -0.088000  -7.723475294253
2.800  -0.086000  -7.722183364146
2.800  -0.084000  -7.720890800212
2.800  -0.082000  -7.719598960866
2.800  -0.080000  -7.718308961354
2.800  -0.078000  -7.717021383974
2.800  -0.076000  -7.715736183446
2.800  -0.074000  -7.714452811119
2.800  -0.072000  -7.713170513891
2.800  -0.070000  -7.711888710255
2.800  -0.068000  -7.710607327602
2.800  -0.066000  -7.709327007865
2.800  -0.064000  -7.708049141493
2.800  -0.062000  -7.706775750083
2.800  -0.060000  -7.705509282687
2.800  -0.058000  -7.704252406256
2.800  -0.056000  -7.703007856490
2.800  -0.054000  -7.701778381774
2.800  -0.052000  -7.700566774904
2.800  -0.050000  -7.699375958181
2.800  -0.048000  -7.698209074670
2.800  -0.046000  -7.697069542720
2.800  -0.044000  -7.695961047494
2.800  -0.042000  -7.694887464800
2.800  -0.040000  -7.693852731564
2.800  -0.038000  -7.692860688760
2.800  -0.036000  -7.691914924760
2.800  -0.034000  -7.691018641314
2.800  -0.032000  -7.690174554301
2.800  -0.030000  -7.689384831206
2.800  -0.028000  -7.688651060139
2.800  -0.026000  -7.687974242775
2.800  -0.024000  -7.687354805162
2.800  -0.022000  -7.686792624206
2.800  -0.020000  -7.686287071166
2.800  -0.018000  -7.685837074988
2.800  -0.016000  -7.685441206907
2.800  -0.014000  -7.685097784215
2.800  -0.012000  -7.684804986911
2.800  -0.010000  -7.684560977837
2.800  -0.008000  -7.684364016099
2.800  -0.006000  -7.684212555257
2.800  -0.004000  -7.684105321159
2.800  -0.002000  -7.684041368185
2.800  0.000000  -7.684020115737
2.800  0.002000  -7.684041368185
2.800  0.004000  -7.684105321159
2.800  0.006000  -7.684212555257
2.800  0.008000  -7.684364016099
2.800  0.010000  -7.684560977837
2.800  0.012000  -7.684804986911
2.800  0.014000  -7.685097784215
2.800  0.016000  -7.685441206907
2.800  0.018000  -7.685837074988
2.800  0.020000  -7.686287071166
2.800  0.022000  -7.686792624206
2.800  0.024000  -7.687354805162
2.800  0.026000  -7.687974242775
2.800  0.028000  -7.688651060139
2.800  0.030000  -7.689384831206
2.800  0.032000  -7.690174554301
2.800  0.034000  -7.691018641314
2.800  0.036000  -7.691914924760
2.800  0.038000  -7.692860688760
2.800  0.040000  -7.693852731564
2.800  0.042000  -7.694887464800
2.800  0.044000  -7.695961047494
2.800  0.046000  -7.697069542720
2.800  0.048000  -7.698209074670
2.800  0.050000  -7.699375958181
2.800  0.052000  -7.700566774904
2.800  0.054000  -7.701778381774
2.800  0.056000  -7.703007856490
2.800  0.058000  -7.704252406256
2.800  0.060000  -7.705509282687
2.800  0.062000  -7.706775750083
2.800  0.064000  -7.708049141493
2.800  0.066000  -7.709327007865
2.800  0.068000  -7.710607327602
2.800  0.070000  -7.711888710255
2.800  0.072000  -7.713170513891
2.800  0.074000  -7.714452811119
2.800  0.076000  -7.715736183446
2.800  0.078000  -7.717021383974
2.800  0.080000  -7.718308961354
2.800  0.082000  -7.719598960866
2.800  0.084000  -7.720890800212
2.800  0.086000  -7.722183364146
2.800  0.088000  -7.723475294253
2.800  0.090000  -7.724765393227
2.800  0.092000  -7.726053035248
2.800  0.094000  -7.727338480494
2.800  0.096000  -7.728623024689
2.800  0.098000  -7.729908959311
2.800  0.100000  -7.731199360560
2.800  0.102000  -7.732497755643
2.800  0.104000  -7.733807729897
2.800  0.106000  -7.735132538650
2.800  0.108000  -7.736474777160
2.800  0.110000  -7.737836145010
2.800  0.112000  -7.739217322052
2.800  0.114000  -7.740617954823
2.800  0.116000  -7.742036737754
2.800  0.118000  -7.743471563807
2.800  0.120000  -7.744919714919
2.800  0.122000  -7.746378063437
2.800  0.124000  -7.747843260408
2.800  0.126000  -7.749311893726
2.800  0.128000  -7.750780607047
2.800  0.130000  -7.752246177684
2.800  0.132000  -7.753705557378
2.800  0.134000  -7.755155883371
2.800  0.136000  -7.756594468663
2.800  0.138000  -7.758018780030
2.800  0.140000  -7.759426410928
2.800  0.142000  -7.760815054369
2.800  0.144000  -7.762182478851
2.800  0.146000  -7.763526508629
2.800  0.148000  -7.764845008433
2.800  0.150000  -7.766135871963
2.800  0.152000  -7.767397013202
2.800  0.154000  -7.768626359618
2.800  0.156000  -7.769821846488
2.800  0.158000  -7.770981411832
2.800  0.160000  -7.772102991686
2.800  0.162000  -7.773184515605
2.800  0.164000  -7.774223902425
2.800  0.166000  -7.775219056338
2.800  0.168000  -7.776167863365
2.800  0.170000  -7.777068188282
2.800  0.172000  -7.777917872053
2.800  0.174000  -7.778714729767
2.800  0.176000  -7.779456549097
2.800  0.178000  -7.780141089268
2.800  0.180000  -7.780766080537
2.800  0.182000  -7.781329224180
2.800  0.184000  -7.781828192982
2.800  0.186000  -7.782260632242
2.800  0.188000  -7.782624161268
2.800  0.190000  -7.782916375360
2.800  0.192000  -7.783134848206
2.800  0.194000  -7.783277134645
2.800  0.196000  -7.783340773669
2.800  0.198000  -7.783323291534
2.800  0.200000  -7.783222204796
2.800  0.202000  -7.783035023101
2.800  0.204000  -7.782759251501
2.800  0.206000  -7.782392392091
2.800  0.208000  -7.781931944800
2.800  0.210000  -7.781375407148
2.800  0.212000  -7.780720272893
2.800  0.214000  -7.779964029503
2.800  0.216000  -7.779104154532
2.800  0.218000  -7.778138110996
2.800  0.220000  -7.777063342009
2.800  0.222000  -7.775877264973
2.800  0.224000  -7.774577265700
2.800  0.226000  -7.773160692867
2.800  0.228000  -7.771624853203
2.800  0.230000  -7.769967007748
2.800  0.232000  -7.768184369414
2.800  0.234000  -7.766274101953
2.800  0.236000  -7.764233320284
2.800  0.238000  -7.762059091965
2.800  0.240000  -7.759748439482
2.800  0.242000  -7.757298342923
2.800  0.244000  -7.754705742579
2.800  0.246000  -7.751967541035
2.800  0.248000  -7.749080604401
2.800  0.250000  -7.746041762400
2.800  0.252000  -7.742847807228
2.800  0.254000  -7.739495491177
2.800  0.256000  -7.735981523157
2.800  0.258000  -7.732302564364
2.800  0.260000  -7.728455223395
2.800  0.262000  -7.724436051173
2.800  0.264000  -7.720241536055
2.800  0.266000  -7.715868099502
2.800  0.268000  -7.711312092637
2.800  0.270000  -7.706569793954
2.800  0.272000  -7.701637408349
2.800  0.274000  -7.696511067497
2.800  0.276000  -7.691186831456
2.800  0.278000  -7.685660691243
2.800  0.280000  -7.679928571957
2.800  0.282000  -7.673986335966
2.800  0.284000  -7.667829785570
2.800  0.286000  -7.661454664617
2.800  0.288000  -7.654856658579
2.800  0.290000  -7.648031392764
2.800  0.292000  -7.640974428482
2.800  0.294000  -7.633681257224
2.800  0.296000  -7.626147293104
2.800  0.298000  -7.618367863977
2.800  0.300000  -7.610338201819
2.800  0.302000  -7.602053433010
2.800  0.304000  -7.593508569206
2.800  0.306000  -7.584698499390
2.800  0.308000  -7.575617983637
2.800  0.310000  -7.566261648986
2.800  0.312000  -7.556623987735
2.800  0.314000  -7.546699358415
2.800  0.316000  -7.536481989626
2.800  0.318000  -7.525965986881
2.800  0.320000  -7.515145342409
2.800  0.322000  -7.504013947495
2.800  0.324000  -7.492565606209
2.800  0.326000  -7.480794048259
2.800  0.328000  -7.468692937290
2.800  0.330000  -7.456255869378
2.800  0.332000  -7.443476355281
2.800  0.334000  -7.430347779720
2.800  0.336000  -7.416863332208
2.800  0.338000  -7.403015907214
2.800  0.340000  -7.388797976575
2.800  0.342000  -7.374201443636
2.800  0.344000  -7.359217495166
2.800  0.346000  -7.343836472280
2.800  0.348000  -7.328047783708
2.800  0.350000  -7.311839882532
2.800  0.352000  -7.295200319291
2.800  0.354000  -7.278115867691
2.800  0.356000  -7.260572690082
2.800  0.358000  -7.242556464992
2.800  0.360000  -7.224052341167
2.800  0.362000  -7.205044530333
2.800  0.364000  -7.185515346193
2.800  0.366000  -7.165443602132
2.800  0.368000  -7.144802552813
2.800  0.370000  -7.123558011577
2.800  0.372000  -7.101667796067
2.800  0.374000  -7.079084010839
2.800  0.376000  -7.055759529174
2.800  0.378000  -7.031659078254
2.800  0.380000  -7.006773500301
2.800  0.382000  -6.981133458117
2.800  0.384000  -6.954817003266
2.800  0.386000  -6.927945223214
2.800  0.388000  -6.900662495927
2.800  0.390000  -6.873102577963
2.800  0.392000  -6.845347443405
2.800  0.394000  -6.817390263761
2.800  0.396000  -6.789115111101
2.800  0.398000  -6.760302911852
2.800  0.400000  -6.730666458105
