2.750  -0.380000  -6.584409892768
2.750  -0.378100  -6.611963940593
2.750  -0.376200  -6.639167350168
2.750  -0.374300  -6.666277054914
2.750  -0.372400  -6.693459409740
2.750  -0.370500  -6.720766254404
2.750  -0.368600  -6.748136439724
2.750  -0.366700  -6.775420366119
2.750  -0.364800  -6.802419568795
2.750  -0.362900  -6.828930366011
2.750  -0.361000  -6.854780882765
2.750  -0.359100  -6.879854092653
2.750  -0.357200  -6.904094527441
2.750  -0.355300  -6.927501096724
2.750  -0.353400  -6.950111471782
2.750  -0.351500  -6.971984122195
2.750  -0.349600  -6.993182786739
2.750  -0.347700  -7.013765925374
2.750  -0.345800  -7.033781542448
2.750  -0.343900  -7.053266311888
2.750  -0.342000  -7.072247331974
2.750  -0.340100  -7.090744919170
2.750  -0.338200  -7.108775309166
2.750  -0.336300  -7.126352678954
2.750  -0.334400  -7.143490347837
2.750  -0.332500  -7.160201284570
2.750  -0.330600  -7.176498154603
2.750  -0.328700  -7.192393138909
2.750  -0.326800  -7.207897700530
2.750  -0.324900  -7.223022407178
2.750  -0.323000  -7.237776858767
2.750  -0.321100  -7.252169724843
2.750  -0.319200  -7.266208868929
2.750  -0.317300  -7.279901523151
2.750  -0.315400  -7.293254474715
2.750  -0.313500  -7.306274232678
2.750  -0.311600  -7.318967155322
2.750  -0.309700  -7.331339531201
2.750  -0.307800  -7.343397617505
2.750  -0.305900  -7.355147645848
2.750  -0.304000  -7.366595807686
2.750  -0.302100  -7.377748230351
2.750  -0.300200  -7.388610951484
2.750  -0.298300  -7.399189896235
2.750  -0.296400  -7.409490858762
2.750  -0.294500  -7.419519487937
2.750  -0.292600  -7.429281276603
2.750  -0.290700  -7.438781553910
2.750  -0.288800  -7.448025480690
2.750  -0.286900  -7.457018048220
2.750  -0.285000  -7.465764080845
2.750  -0.283100  -7.474268242704
2.750  -0.281200  -7.482535048398
2.750  -0.279300  -7.490568876980
2.750  -0.277400  -7.498373988155
2.750  -0.275500  -7.505954539369
2.750  -0.273600  -7.513314602357
2.750  -0.271700  -7.520458177861
2.750  -0.269800  -7.527389207503
2.750  -0.267900  -7.534111582169
2.750  -0.266000  -7.540629146677
2.750  -0.264100  -7.546945700896
2.750  -0.262200  -7.553064997827
2.750  -0.260300  -7.558990739432
2.750  -0.258400  -7.564726571141
2.750  -0.256500  -7.570276076023
2.750  -0.254600  -7.575642769531
2.750  -0.252700  -7.580830095570
2.750  -0.250800  -7.585841424409
2.750  -0.248900  -7.590680052669
2.750  -0.247000  -7.595349205383
2.750  -0.245100  -7.599852039911
2.750  -0.243200  -7.604191651305
2.750  -0.241300  -7.608371078669
2.750  -0.239400  -7.612393312012
2.750  -0.237500  -7.616261299087
2.750  -0.235600  -7.619977951761
2.750  -0.233700  -7.623546151470
2.750  -0.231800  -7.626968753406
2.750  -0.229900  -7.630248589170
2.750  -0.228000  -7.633388467733
2.750  -0.226100  -7.636391174737
2.750  -0.224200  -7.639259470309
2.750  -0.222300  -7.641996085808
2.750  -0.220400  -7.644603720048
2.750  -0.218500  -7.647085035652
2.750  -0.216600  -7.649442656220
2.750  -0.214700  -7.651679164878
2.750  -0.212800  -7.653797104625
2.750  -0.210900  -7.655798980634
2.750  -0.209000  -7.657687264431
2.750  -0.207100  -7.659464399605
2.750  -0.205200  -7.661132808542
2.750  -0.203300  -7.662694899552
2.750  -0.201400  -7.664153073751
2.750  -0.199500  -7.665509731115
2.750  -0.197600  -7.666767275226
2.750  -0.195700  -7.667928116426
2.750  -0.193800  -7.668994673210
2.750  -0.191900  -7.669969371895
2.750  -0.190000  -7.670854644677
2.750  -0.188100  -7.671652926356
2.750  -0.186200  -7.672366649999
2.750  -0.184300  -7.672998241883
2.750  -0.182400  -7.673550116069
2.750  -0.180500  -7.674024668888
2.750  -0.178600  -7.674424273658
2.750  -0.176700  -7.674751275823
2.750  -0.174800  -7.675007988737
2.750  -0.172900  -7.675196690189
2.750  -0.171000  -7.675319619776
2.750  -0.169100  -7.675378977156
2.750  -0.167200  -7.675376921187
2.750  -0.165300  -7.675315569966
2.750  -0.163400  -7.675197001740
2.750  -0.161500  -7.675023256730
2.750  -0.159600  -7.674796339891
2.750  -0.157700  -7.674518224695
2.750  -0.155800  -7.674190858061
2.750  -0.153900  -7.673816166537
2.750  -0.152000  -7.673396063831
2.750  -0.150100  -7.672932459677
2.750  -0.148200  -7.672427269903
2.750  -0.146300  -7.671882427330
2.750  -0.144400  -7.671299892992
2.750  -0.142500  -7.670681667055
2.750  -0.140600  -7.670029798873
2.750  -0.138700  -7.669346395976
2.750  -0.136800  -7.668633632343
2.750  -0.134900  -7.667893757141
2.750  -0.133000  -7.667129105878
2.750  -0.131100  -7.666342116361
2.750  -0.129200  -7.665535351532
2.750  -0.127300  -7.664711529824
2.750  -0.125400  -7.663873560756
2.750  -0.123500  -7.663024579384
2.750  -0.121600  -7.662167968231
2.750  -0.119700  -7.661307350726
2.750  -0.117800  -7.660446537420
2.750  -0.115900  -7.659589407270
2.750  -0.114000  -7.658739712731
2.750  -0.112100  -7.657900810290
2.750  -0.110200  -7.657075336713
2.750  -0.108300  -7.656264872897
2.750  -0.106400  -7.655469656267
2.750  -0.104500  -7.654688412105
2.750  -0.102600  -7.653918366919
2.750  -0.100700  -7.653155479375
2.750  -0.098800  -7.652394878947
2.750  -0.096900  -7.651631449759
2.750  -0.095000  -7.650860453053
2.750  -0.093100  -7.650078062813
2.750  -0.091200  -7.649281705090
2.750  -0.089300  -7.648470140287
2.750  -0.087400  -7.647643294635
2.750  -0.085500  -7.646801910620
2.750  -0.083600  -7.645947125637
2.750  -0.081700  -7.645080092543
2.750  -0.079800  -7.644201726515
2.750  -0.077900  -7.643312612848
2.750  -0.076000  -7.642413058197
2.750  -0.074100  -7.641503230288
2.750  -0.072200  -7.640583317609
2.750  -0.070300  -7.639653651611
2.750  -0.068400  -7.638714761592
2.750  -0.066500  -7.637767364862
2.750  -0.064600  -7.636812320449
2.750  -0.062700  -7.635850585764
2.750  -0.060800  -7.634883210754
2.750  -0.058900  -7.633911386732
2.750  -0.057000  -7.632936544805
2.750  -0.055100  -7.631960479451
2.750  -0.053200  -7.630985462535
2.750  -0.051300  -7.630014314267
2.750  -0.049400  -7.629050408662
2.750  -0.047500  -7.628097607638
2.750  -0.045600  -7.627160134097
2.750  -0.043700  -7.626242405680
2.750  -0.041800  -7.625348854791
2.750  -0.039900  -7.624483757426
2.750  -0.038000  -7.623651085930
2.750  -0.036100  -7.622854392451
2.750  -0.034200  -7.622096723497
2.750  -0.032300  -7.621380563012
2.750  -0.030400  -7.620707801417
2.750  -0.028500  -7.620079729672
2.750  -0.026600  -7.619497058749
2.750  -0.024700  -7.618959964882
2.750  -0.022800  -7.618468159242
2.750  -0.020900  -7.618020977828
2.750  -0.019000  -7.617617484523
2.750  -0.017100  -7.617256578275
2.750  -0.015200  -7.616937094865
2.750  -0.013300  -7.616657894891
2.750  -0.011400  -7.616417931944
2.750  -0.009500  -7.616216298117
2.750  -0.007600  -7.616052247243
2.750  -0.005700  -7.615925199103
2.750  -0.003800  -7.615834729981
2.750  -0.001900  -7.615780555958
2.750  0.000000  -7.615762515385
2.750  0.001900  -7.615780555958
2.750  0.003800  -7.615834729981
2.750  0.005700  -7.615925199103
2.750  0.007600  -7.616052247243
2.750  0.009500  -7.616216298117
2.750  0.011400  -7.616417931944
2.750  0.013300  -7.616657894891
2.750  0.015200  -7.616937094865
2.750  0.017100  -7.617256578275
2.750  0.019000  -7.617617484523
2.750  0.020900  -7.618020977828
2.750  0.022800  -7.618468159242
2.750  0.024700  -7.618959964882
2.750  0.026600  -7.619497058749
2.750  0.028500  -7.620079729672
2.750  0.030400  -7.620707801417
2.750  0.032300  -7.621380563012
2.750  0.034200  -7.622096723497
2.750  0.036100  -7.622854392451
2.750  0.038000  -7.623651085930
2.750  0.039900  -7.624483757426
2.750  0.041800  -7.625348854791
2.750  0.043700  -7.626242405680
2.750  0.045600  -7.627160134097
2.750  0.047500  -7.628097607638
2.750  0.049400  -7.629050408662
2.750  0.051300  -7.630014314267
2.750  0.053200  -7.630985462535
2.750  0.055100  -7.631960479451
2.750  0.057000  -7.632936544805
2.750  0.058900  -7.633911386732
2.750  0.060800  -7.634883210754
2.750  0.062700  -7.635850585764
2.750  0.064600  -7.636812320449
2.750  0.066500  -7.637767364862
2.750  0.068400  -7.638714761592
2.750  0.070300  -7.639653651611
2.750  0.072200  -7.640583317609
2.750  0.074100  -7.641503230288
2.750  0.076000  -7.642413058197
2.750  0.077900  -7.643312612848
2.750  0.079800  -7.644201726515
2.750  0.081700  -7.645080092543
2.750  0.083600  -7.645947125637
2.750  0.085500  -7.646801910620
2.750  0.087400  -7.647643294635
2.750  0.089300  -7.648470140287
2.750  0.091200  -7.649281705090
2.750  0.093100  -7.650078062813
2.750  0.095000  -7.650860453053
2.750  0.096900  -7.651631449759
2.750  0.098800  -7.652394878947
2.750  0.100700  -7.653155479375
2.750  0.102600  -7.653918366919
2.750  0.104500  -7.654688412105
2.750  0.106400  -7.655469656267
2.750  0.108300  -7.656264872897
2.750  0.110200  -7.657075336713
2.750  0.112100  -7.657900810290
2.750  0.114000  -7.658739712731
2.750  0.115900  -7.659589407270
2.750  0.117800  -7.660446537420
2.750  0.119700  -7.661307350726
2.750  0.121600  -7.662167968231
2.750  0.123500  -7.663024579384
2.750  0.125400  -7.663873560756
2.750  0.127300  -7.664711529824
2.750  0.129200  -7.665535351532
2.750  0.131100  -7.666342116361
2.750  0.133000  -7.667129105878
2.750  0.134900  -7.667893757141
2.750  0.136800  -7.668633632343
2.750  0.138700  -7.669346395976
2.750  0.140600  -7.670029798873
2.750  0.142500  -7.670681667055
2.750  0.144400  -7.671299892992
2.750  0.146300  -7.671882427330
2.750  0.148200  -7.672427269903
2.750  0.150100  -7.672932459677
2.750  0.152000  -7.673396063831
2.750  0.153900  -7.673816166537
2.750  0.155800  -7.674190858061
2.750  0.157700  -7.674518224695
2.750  0.159600  -7.674796339891
2.750  0.161500  -7.675023256730
2.750  0.163400  -7.675197001740
2.750  0.165300  -7.675315569966
2.750  0.167200  -7.675376921187
2.750  0.169100  -7.675378977156
2.750  0.171000  -7.675319619776
2.750  0.172900  -7.675196690189
2.750  0.174800  -7.675007988737
2.750  0.176700  -7.674751275823
2.750  0.178600  -7.674424273658
2.750  0.180500  -7.674024668888
2.750  0.182400  -7.673550116069
2.750  0.184300  -7.672998241883
2.750  0.186200  -7.672366649999
2.750  0.188100  -7.671652926356
2.750  0.190000  -7.670854644677
2.750  0.191900  -7.669969371895
2.750  0.193800  -7.668994673210
2.750  0.195700  -7.667928116426
2.750  0.197600  -7.666767275226
2.750  0.199500  -7.665509731115
2.750  0.201400  -7.664153073751
2.750  0.203300  -7.662694899552
2.750  0.205200  -7.661132808542
2.750  0.207100  -7.659464399605
2.750  0.209000  -7.657687264431
2.750  0.210900  -7.655798980634
2.750  0.212800  -7.653797104625
2.750  0.214700  -7.651679164878
2.750  0.216600  -7.649442656220
2.750  0.218500  -7.647085035652
2.750  0.220400  -7.644603720048
2.750  0.222300  -7.641996085808
2.750  0.224200  -7.639259470309
2.750  0.226100  -7.636391174737
2.750  0.228000  -7.633388467733
2.750  0.229900  -7.630248589170
2.750  0.231800  -7.626968753406
2.750  0.233700  -7.623546151470
2.750  0.235600  -7.619977951761
2.750  0.237500  -7.616261299087
2.750  0.239400  -7.612393312012
2.750  0.241300  -7.608371078669
2.750  0.243200  -7.604191651305
2.750  0.245100  -7.599852039911
2.750  0.247000  -7.595349205383
2.750  0.248900  -7.590680052669
2.750  0.250800  -7.585841424409
2.750  0.252700  -7.580830095570
2.750  0.254600  -7.575642769531
2.750  0.256500  -7.570276076023
2.750  0.258400  -7.564726571141
2.750  0.260300  -7.558990739432
2.750  0.262200  -7.553064997827
2.750  0.264100  -7.546945700896
2.750  0.266000  -7.540629146677
2.750  0.267900  -7.534111582169
2.750  0.269800  -7.527389207503
2.750  0.271700  -7.520458177861
2.750  0.273600  -7.513314602357
2.750  0.275500  -7.505954539369
2.750  0.277400  -7.498373988155
2.750  0.279300  -7.490568876980
2.750  0.281200  -7.482535048398
2.750  0.283100  -7.474268242704
2.750  0.285000  -7.465764080845
2.750  0.286900  -7.457018048220
2.750  0.288800  -7.448025480690
2.750  0.290700  -7.438781553910
2.750  0.292600  -7.429281276603
2.750  0.294500  -7.419519487937
2.750  0.296400  -7.409490858762
2.750  0.298300  -7.399189896235
2.750  0.300200  -7.388610951484
2.750  0.302100  -7.377748230351
2.750  0.304000  -7.366595807686
2.750  0.305900  -7.355147645848
2.750  0.307800  -7.343397617505
2.750  0.309700  -7.331339531201
2.750  0.311600  -7.318967155322
2.750  0.313500  -7.306274232678
2.750  0.315400  -7.293254474715
2.750  0.317300  -7.279901523151
2.750  0.319200  -7.266208868929
2.750  0.321100  -7.252169724843
2.750  0.323000  -7.237776858767
2.750  0.324900  -7.223022407178
2.750  0.326800  -7.207897700530
2.750  0.328700  -7.192393138909
2.750  0.330600  -7.176498154603
2.750  0.332500  -7.160201284570
2.750  0.334400  -7.143490347837
2.750  0.336300  -7.126352678954
2.750  0.338200  -7.108775309166
2.750  0.340100  -7.090744919170
2.750  0.342000  -7.072247331974
2.750  0.343900  -7.053266311888
2.750  0.345800  -7.033781542448
2.750  0.347700  -7.013765925374
2.750  0.349600  -6.993182786739
2.750  0.351500  -6.971984122195
2.750  0.353400  -6.950111471782
2.750  0.355300  -6.927501096724
2.750  0.357200  -6.904094527441
2.750  0.359100  -6.879854092653
2.750  0.361000  -6.854780882765
2.750  0.362900  -6.828930366011
2.750  0.364800  -6.802419568795
2.750  0.366700  -6.775420366119
2.750  0.368600  -6.748136439724
2.750  0.370500  -6.720766254404
2.750  0.372400  -6.693459409740
2.750  0.374300  -6.666277054914
2.750  0.376200  -6.639167350168
2.750  0.378100  -6.611963940593
2.750  0.380000  -6.584409892768
