2.850  -0.450000  -6.273074271101
2.850  -0.447750  -6.341690861441
2.850  -0.445500  -6.396169025479
2.850  -0.443250  -6.440341608511
2.850  -0.441000  -6.479656697264
2.850  -0.438750  -6.518036992361
2.850  -0.436500  -6.557399940069
2.850  -0.434250  -6.598201688233
2.850  -0.432000  -6.640067489667
2.850  -0.429750  -6.682253279375
2.850  -0.427500  -6.723944941367
2.850  -0.425250  -6.764445798254
2.850  -0.423000  -6.803284949583
2.850  -0.420750  -6.840259000677
2.850  -0.418500  -6.875412922958
2.850  -0.416250  -6.908971452566
2.850  -0.414000  -6.941243064720
2.850  -0.411750  -6.972525152656
2.850  -0.409500  -7.003036007841
2.850  -0.407250  -7.032887143195
2.850  -0.405000  -7.062094034343
2.850  -0.402750  -7.090611262435
2.850  -0.400500  -7.118373620949
2.850  -0.398250  -7.145328169974
2.850  -0.396000  -7.171450210674
2.850  -0.393750  -7.196744216321
2.850  -0.391500  -7.221235597156
2.850  -0.389250  -7.244959953808
2.850  -0.387000  -7.267954432191
2.850  -0.384750  -7.290252922430
2.850  -0.382500  -7.311884657388
2.850  -0.380250  -7.332874810106
2.850  -0.378000  -7.353245739068
2.850  -0.375750  -7.373018053944
2.850  -0.373500  -7.392211217201
2.850  -0.371250  -7.410843737404
2.850  -0.369000  -7.428933131548
2.850  -0.366750  -7.446495818368
2.850  -0.364500  -7.463547040630
2.850  -0.362250  -7.480100855213
2.850  -0.360000  -7.496170192569
2.850  -0.357750  -7.511766969588
2.850  -0.355500  -7.526902234291
2.850  -0.353250  -7.541586321347
2.850  -0.351000  -7.555829001022
2.850  -0.348750  -7.569639609292
2.850  -0.346500  -7.583027152419
2.850  -0.344250  -7.596000384322
2.850  -0.342000  -7.608567858965
2.850  -0.339750  -7.620737962290
2.850  -0.337500  -7.632518929074
2.850  -0.335250  -7.643918849822
2.850  -0.333000  -7.654945671937
2.850  -0.330750  -7.665607198257
2.850  -0.328500  -7.675911085010
2.850  -0.326250  -7.685864840376
2.850  -0.324000  -7.695475824249
2.850  -0.321750  -7.704751249419
2.850  -0.319500  -7.713698184174
2.850  -0.317250  -7.722323556189
2.850  -0.315000  -7.730634157506
2.850  -0.312750  -7.738636650325
2.850  -0.310500  -7.746337573265
2.850  -0.308250  -7.753743347716
2.850  -0.306000  -7.760860283882
2.850  -0.303750  -7.767694586101
2.850  -0.301500  -7.774252357132
2.850  -0.299250  -7.780539601177
2.850  -0.297000  -7.786562225551
2.850  -0.294750  -7.792326041085
2.850  -0.292500  -7.797836761460
2.850  -0.290250  -7.803100001854
2.850  -0.288000  -7.808121277284
2.850  -0.285750  -7.812906001112
2.850  -0.283500  -7.817459484112
2.850  -0.281250  -7.821786934415
2.850  -0.279000  -7.825893458546
2.850  -0.276750  -7.829784063600
2.850  -0.274500  -7.833463660509
2.850  -0.272250  -7.836937068188
2.850  -0.270000  -7.840209018292
2.850  -0.267750  -7.843284160237
2.850  -0.265500  -7.846167066135
2.850  -0.263250  -7.848862235290
2.850  -0.261000  -7.851374097968
2.850  -0.258750  -7.853707018222
2.850  -0.256500  -7.855865295653
2.850  -0.254250  -7.857853166091
2.850  -0.252000  -7.859674801319
2.850  -0.249750  -7.861334308036
2.850  -0.247500  -7.862835726373
2.850  -0.245250  -7.864183028298
2.850  -0.243000  -7.865380116290
2.850  -0.240750  -7.866430822616
2.850  -0.238500  -7.867338909483
2.850  -0.236250  -7.868108070244
2.850  -0.234000  -7.868741931728
2.850  -0.231750  -7.869244057640
2.850  -0.229500  -7.869617952873
2.850  -0.227250  -7.869867068511
2.850  -0.225000  -7.869994807216
2.850  -0.222750  -7.870004528713
2.850  -0.220500  -7.869899555049
2.850  -0.218250  -7.869683175389
2.850  -0.216000  -7.869358650130
2.850  -0.213750  -7.868929214195
2.850  -0.211500  -7.868398079441
2.850  -0.209250  -7.867768436183
2.850  -0.207000  -7.867043453890
2.850  -0.204750  -7.866226281174
2.850  -0.202500  -7.865320045205
2.850  -0.200250  -7.864327850718
2.850  -0.198000  -7.863252778779
2.850  -0.195750  -7.862097885457
2.850  -0.193500  -7.860866200535
2.850  -0.191250  -7.859560726374
2.850  -0.189000  -7.858184437009
2.850  -0.186750  -7.856740277541
2.850  -0.184500  -7.855231163871
2.850  -0.182250  -7.853659982813
2.850  -0.180000  -7.852029592600
2.850  -0.177750  -7.850342823813
2.850  -0.175500  -7.848602480722
2.850  -0.173250  -7.846811343014
2.850  -0.171000  -7.844972167855
2.850  -0.168750  -7.843087692200
2.850  -0.166500  -7.841160635226
2.850  -0.164250  -7.839193700759
2.850  -0.162000  -7.837189579583
2.850  -0.159750  -7.835150951587
2.850  -0.157500  -7.833080487839
2.850  -0.155250  -7.830980852840
2.850  -0.153000  -7.828854707470
2.850  -0.150750  -7.826704713322
2.850  -0.148500  -7.824533539315
2.850  -0.146250  -7.822343871494
2.850  -0.144000  -7.820138426781
2.850  -0.141750  -7.817919970945
2.850  -0.139500  -7.815691340375
2.850  -0.137250  -7.813455466123
2.850  -0.135000  -7.811215397492
2.850  -0.132750  -7.808974321036
2.850  -0.130500  -7.806735569715
2.850  -0.128250  -7.804502616101
2.850  -0.126000  -7.802279043480
2.850  -0.123750  -7.800068489538
2.850  -0.121500  -7.797874559406
2.850  -0.119250  -7.795700708147
2.850  -0.117000  -7.793550097200
2.850  -0.114750  -7.791425434530
2.850  -0.112500  -7.789328813403
2.850  -0.110250  -7.787261569120
2.850  -0.108000  -7.785224175360
2.850  -0.105750  -7.783216201060
2.850  -0.103500  -7.781236344333
2.850  -0.101250  -7.779282551517
2.850  -0.099000  -7.777352217959
2.850  -0.096750  -7.775442454078
2.850  -0.094500  -7.773550387986
2.850  -0.092250  -7.771673467012
2.850  -0.090000  -7.769809717195
2.850  -0.087750  -7.767957923406
2.850  -0.085500  -7.766117703321
2.850  -0.083250  -7.764289464539
2.850  -0.081000  -7.762474253208
2.850  -0.078750  -7.760673521566
2.850  -0.076500  -7.758888857670
2.850  -0.074250  -7.757121730491
2.850  -0.072000  -7.755373305129
2.850  -0.069750  -7.753644373873
2.850  -0.067500  -7.751935428237
2.850  -0.065250  -7.750246865650
2.850  -0.063000  -7.748579287618
2.850  -0.060750  -7.746933814249
2.850  -0.058500  -7.745312326879
2.850  -0.056250  -7.743717567018
2.850  -0.054000  -7.742153065254
2.850  -0.051750  -7.740622932302
2.850  -0.049500  -7.739131589746
2.850  -0.047250  -7.737683528318
2.850  -0.045000  -7.736283153027
2.850  -0.042750  -7.734934724421
2.850  -0.040500  -7.733642361418
2.850  -0.038250  -7.732410053752
2.850  -0.036000  -7.731241643809
2.850  -0.033750  -7.730140764583
2.850  -0.031500  -7.729110744198
2.850  -0.029250  -7.728154496135
2.850  -0.027000  -7.727274408632
2.850  -0.024750  -7.726472236641
2.850  -0.022500  -7.725748996231
2.850  -0.020250  -7.725104869405
2.850  -0.018000  -7.724539142291
2.850  -0.015750  -7.724050210642
2.850  -0.013500  -7.723635683072
2.850  -0.011250  -7.723292591719
2.850  -0.009000  -7.723017689377
2.850  -0.006750  -7.722807785862
2.850  -0.004500  -7.722660067163
2.850  -0.002250  -7.722572352659
2.850  0.000000  -7.722543270267
2.850  0.002250  -7.722572352659
2.850  0.004500  -7.722660067163
2.850  0.006750  -7.722807785862
2.850  0.009000  -7.723017689377
2.850  0.011250  -7.723292591719
2.850  0.013500  -7.723635683072
2.850  0.015750  -7.724050210642
2.850  0.018000  -7.724539142291
2.850  0.020250  -7.725104869405
2.850  0.022500  -7.725748996231
2.850  0.024750  -7.726472236641
2.850  0.027000  -7.727274408632
2.850  0.029250  -7.728154496135
2.850  0.031500  -7.729110744198
2.850  0.033750  -7.730140764583
2.850  0.036000  -7.731241643809
2.850  0.038250  -7.732410053752
2.850  0.040500  -7.733642361418
2.850  0.042750  -7.734934724421
2.850  0.045000  -7.736283153027
2.850  0.047250  -7.737683528318
2.850  0.049500  -7.739131589746
2.850  0.051750  -7.740622932302
2.850  0.054000  -7.742153065254
2.850  0.056250  -7.743717567018
2.850  0.058500  -7.745312326879
2.850  0.060750  -7.746933814249
2.850  0.063000  -7.748579287618
2.850  0.065250  -7.750246865650
2.850  0.067500  -7.751935428237
2.850  0.069750  -7.753644373873
2.850  0.072000  -7.755373305129
2.850  0.074250  -7.757121730491
2.850  0.076500  -7.758888857670
2.850  0.078750  -7.760673521566
2.850  0.081000  -7.762474253208
2.850  0.083250  -7.764289464539
2.850  0.085500  -7.766117703321
2.850  0.087750  -7.767957923406
2.850  0.090000  -7.769809717195
2.850  0.092250  -7.771673467012
2.850  0.094500  -7.773550387986
2.850  0.096750  -7.775442454078
2.850  0.099000  -7.777352217959
2.850  0.101250  -7.779282551517
2.850  0.103500  -7.781236344333
2.850  0.105750  -7.783216201060
2.850  0.108000  -7.785224175360
2.850  0.110250  -7.787261569120
2.850  0.112500  -7.789328813403
2.850  0.114750  -7.791425434530
2.850  0.117000  -7.793550097200
2.850  0.119250  -7.795700708147
2.850  0.121500  -7.797874559406
2.850  0.123750  -7.800068489538
2.850  0.126000  -7.802279043480
2.850  0.128250  -7.804502616101
2.850  0.130500  -7.806735569715
2.850  0.132750  -7.808974321036
2.850  0.135000  -7.811215397492
2.850  0.137250  -7.813455466123
2.850  0.139500  -7.815691340375
2.850  0.141750  -7.817919970945
2.850  0.144000  -7.820138426781
2.850  0.146250  -7.822343871494
2.850  0.148500  -7.824533539315
2.850  0.150750  -7.826704713322
2.850  0.153000  -7.828854707470
2.850  0.155250  -7.830980852840
2.850  0.157500  -7.833080487839
2.850  0.159750  -7.835150951587
2.850  0.162000  -7.837189579583
2.850  0.164250  -7.839193700759
2.850  0.166500  -7.841160635226
2.850  0.168750  -7.843087692200
2.850  0.171000  -7.844972167855
2.850  0.173250  -7.846811343014
2.850  0.175500  -7.848602480722
2.850  0.177750  -7.850342823813
2.850  0.180000  -7.852029592600
2.850  0.182250  -7.853659982813
2.850  0.184500  -7.855231163871
2.850  0.186750  -7.856740277541
2.850  0.189000  -7.858184437009
2.850  0.191250  -7.859560726374
2.850  0.193500  -7.860866200535
2.850  0.195750  -7.862097885457
2.850  0.198000  -7.863252778779
2.850  0.200250  -7.864327850718
2.850  0.202500  -7.865320045205
2.850  0.204750  -7.866226281174
2.850  0.207000  -7.867043453890
2.850  0.209250  -7.867768436183
2.850  0.211500  -7.868398079441
2.850  0.213750  -7.868929214195
2.850  0.216000  -7.869358650130
2.850  0.218250  -7.869683175389
2.850  0.220500  -7.869899555049
2.850  0.222750  -7.870004528713
2.850  0.225000  -7.869994807216
2.850  0.227250  -7.869867068511
2.850  0.229500  -7.869617952873
2.850  0.231750  -7.869244057640
2.850  0.234000  -7.868741931728
2.850  0.236250  -7.868108070244
2.850  0.238500  -7.867338909483
2.850  0.240750  -7.866430822616
2.850  0.243000  -7.865380116290
2.850  0.245250  -7.864183028298
2.850  0.247500  -7.862835726373
2.850  0.249750  -7.861334308036
2.850  0.252000  -7.859674801319
2.850  0.254250  -7.857853166091
2.850  0.256500  -7.855865295653
2.850  0.258750  -7.853707018222
2.850  0.261000  -7.851374097968
2.850  0.263250  -7.848862235290
2.850  0.265500  -7.846167066135
2.850  0.267750  -7.843284160237
2.850  0.270000  -7.840209018292
2.850  0.272250  -7.836937068188
2.850  0.274500  -7.833463660509
2.850  0.276750  -7.829784063600
2.850  0.279000  -7.825893458546
2.850  0.281250  -7.821786934415
2.850  0.283500  -7.817459484112
2.850  0.285750  -7.812906001112
2.850  0.288000  -7.808121277284
2.850  0.290250  -7.803100001854
2.850  0.292500  -7.797836761460
2.850  0.294750  -7.792326041085
2.850  0.297000  -7.786562225551
2.850  0.299250  -7.780539601177
2.850  0.301500  -7.774252357132
2.850  0.303750  -7.767694586101
2.850  0.306000  -7.760860283882
2.850  0.308250  -7.753743347716
2.850  0.310500  -7.746337573265
2.850  0.312750  -7.738636650325
2.850  0.315000  -7.730634157506
2.850  0.317250  -7.722323556189
2.850  0.319500  -7.713698184174
2.850  0.321750  -7.704751249419
2.850  0.324000  -7.695475824249
2.850  0.326250  -7.685864840376
2.850  0.328500  -7.675911085010
2.850  0.330750  -7.665607198257
2.850  0.333000  -7.654945671937
2.850  0.335250  -7.643918849822
2.850  0.337500  -7.632518929074
2.850  0.339750  -7.620737962290
2.850  0.342000  -7.608567858965
2.850  0.344250  -7.596000384322
2.850  0.346500  -7.583027152419
2.850  0.348750  -7.569639609292
2.850  0.351000  -7.555829001022
2.850  0.353250  -7.541586321347
2.850  0.355500  -7.526902234291
2.850  0.357750  -7.511766969588
2.850  0.360000  -7.496170192569
2.850  0.362250  -7.480100855213
2.850  0.364500  -7.463547040630
2.850  0.366750  -7.446495818368
2.850  0.369000  -7.428933131548
2.850  0.371250  -7.410843737404
2.850  0.373500  -7.392211217201
2.850  0.375750  -7.373018053944
2.850  0.378000  -7.353245739068
2.850  0.380250  -7.332874810106
2.850  0.382500  -7.311884657388
2.850  0.384750  -7.290252922430
2.850  0.387000  -7.267954432191
2.850  0.389250  -7.244959953808
2.850  0.391500  -7.221235597156
2.850  0.393750  -7.196744216321
2.850  0.396000  -7.171450210674
2.850  0.398250  -7.145328169974
2.850  0.400500  -7.118373620949
2.850  0.402750  -7.090611262435
2.850  0.405000  -7.062094034343
2.850  0.407250  -7.032887143195
2.850  0.409500  -7.003036007841
2.850  0.411750  -6.972525152656
2.850  0.414000  -6.941243064720
2.850  0.416250  -6.908971452566
2.850  0.418500  -6.875412922958
2.850  0.420750  -6.840259000677
2.850  0.423000  -6.803284949583
2.850  0.425250  -6.764445798254
2.850  0.427500  -6.723944941367
2.850  0.429750  -6.682253279375
2.850  0.432000  -6.640067489667
2.850  0.434250  -6.598201688233
2.850  0.436500  -6.557399940069
2.850  0.438750  -6.518036992361
2.850  0.441000  -6.479656697264
2.850  0.443250  -6.440341608511
2.850  0.445500  -6.396169025479
2.850  0.447750  -6.341690861441
2.850  0.450000  -6.273074271101
