2.909  -0.500000  -6.203846584389
2.909  -0.490000  -6.240671903814
2.909  -0.480000  -6.273151544431
2.909  -0.470000  -6.530017061266
2.909  -0.460000  -6.688967671088
2.909  -0.450000  -6.863714992314
2.909  -0.440000  -7.027630580571
2.909  -0.430000  -7.163630171681
2.909  -0.420000  -7.281958282818
2.909  -0.410000  -7.385526944956
2.909  -0.400000  -7.476172070264
2.909  -0.390000  -7.555649359569
2.909  -0.380000  -7.625284098771
2.909  -0.370000  -7.686045365368
2.909  -0.360000  -7.738710288120
2.909  -0.350000  -7.783967304490
2.909  -0.340000  -7.822451767336
2.909  -0.330000  -7.854756940240
2.909  -0.320000  -7.881437808715
2.909  -0.310000  -7.903012290046
2.909  -0.300000  -7.919961493936
2.909  -0.290000  -7.932730668567
2.909  -0.280000  -7.941732240737
2.909  -0.270000  -7.947349765066
2.909  -0.260000  -7.949940292736
2.909  -0.250000  -7.949834862076
2.909  -0.240000  -7.947339264298
2.909  -0.230000  -7.942736924608
2.909  -0.220000  -7.936293463831
2.909  -0.210000  -7.928261019478
2.909  -0.200000  -7.918880980873
2.909  -0.190000  -7.908385202219
2.909  -0.180000  -7.896996495643
2.909  -0.170000  -7.884929302695
2.909  -0.160000  -7.872391136751
2.909  -0.150000  -7.859585344167
2.909  -0.140000  -7.846717488351
2.909  -0.130000  -7.834004877094
2.909  -0.120000  -7.821672337311
2.909  -0.110000  -7.809911531528
2.909  -0.100000  -7.798820632800
2.909  -0.090000  -7.788387219478
2.909  -0.080000  -7.778556081951
2.909  -0.070000  -7.769330342741
2.909  -0.060000  -7.760803029521
2.909  -0.050000  -7.753132330900
2.909  -0.040000  -7.746532997414
2.909  -0.030000  -7.741275587902
2.909  -0.020000  -7.737603663604
2.909  -0.010000  -7.735541926757
2.909  0.000000  -7.734896313958
2.909  0.010000  -7.735541926757
2.909  0.020000  -7.737603663604
2.909  0.030000  -7.741275587902
2.909  0.040000  -7.746532997414
2.909  0.050000  -7.753132330900
2.909  0.060000  -7.760803029521
2.909  0.070000  -7.769330342741
2.909  0.080000  -7.778556081951
2.909  0.090000  -7.788387219478
2.909  0.100000  -7.798820632800
2.909  0.110000  -7.809911531528
2.909  0.120000  -7.821672337311
2.909  0.130000  -7.834004877094
2.909  0.140000  -7.846717488351
2.909  0.150000  -7.859585344167
2.909  0.160000  -7.872391136751
2.909  0.170000  -7.884929302695
2.909  0.180000  -7.896996495643
2.909  0.190000  -7.908385202219
2.909  0.200000  -7.918880980873
2.909  0.210000  -7.928261019478
2.909  0.220000  -7.936293463831
2.909  0.230000  -7.942736924608
2.909  0.240000  -7.947339264298
2.909  0.250000  -7.949834862076
2.909  0.260000  -7.949940292736
2.909  0.270000  -7.947349765066
2.909  0.280000  -7.941732240737
2.909  0.290000  -7.932730668567
2.909  0.300000  -7.919961493936
2.909  0.310000  -7.903012290046
2.909  0.320000  -7.881437808715
2.909  0.330000  -7.854756940240
2.909  0.340000  -7.822451767336
2.909  0.350000  -7.783967304490
2.909  0.360000  -7.738710288120
2.909  0.370000  -7.686045365368
2.909  0.380000  -7.625284098771
2.909  0.390000  -7.555649359569
2.909  0.400000  -7.476172070264
2.909  0.410000  -7.385526944956
2.909  0.420000  -7.281958282818
2.909  0.430000  -7.163630171681
2.909  0.440000  -7.027630580571
2.909  0.450000  -6.863714992314
2.909  0.460000  -6.688967671088
2.909  0.470000  -6.530017061266
2.909  0.480000  -6.273151544431
2.909  0.490000  -6.240671903814
2.909  0.500000  -6.203846584389
