2.776  -0.400000  -6.506641775959
2.776  -0.392000  -6.639400553397
2.776  -0.384000  -6.755175485974
2.776  -0.376000  -6.867624306612
2.776  -0.368000  -6.973288233263
2.776  -0.360000  -7.066053917769
2.776  -0.352000  -7.148047333031
2.776  -0.344000  -7.221545718819
2.776  -0.336000  -7.287649071441
2.776  -0.328000  -7.347185381648
2.776  -0.320000  -7.400753902380
2.776  -0.312000  -7.448815717698
2.776  -0.304000  -7.491796779611
2.776  -0.296000  -7.530098648297
2.776  -0.288000  -7.564085171614
2.776  -0.280000  -7.594081556307
2.776  -0.272000  -7.620384707155
2.776  -0.264000  -7.643273495822
2.776  -0.256000  -7.663010413749
2.776  -0.248000  -7.679838720041
2.776  -0.240000  -7.693983335711
2.776  -0.232000  -7.705655961448
2.776  -0.224000  -7.715058685451
2.776  -0.216000  -7.722382995623
2.776  -0.208000  -7.727808515787
2.776  -0.200000  -7.731506681461
2.776  -0.192000  -7.733646779706
2.776  -0.184000  -7.734398285672
2.776  -0.176000  -7.733928254342
2.776  -0.168000  -7.732397095737
2.776  -0.160000  -7.729956050570
2.776  -0.152000  -7.726747721164
2.776  -0.144000  -7.722910152380
2.776  -0.136000  -7.718584367145
2.776  -0.128000  -7.713925164049
2.776  -0.120000  -7.709120033628
2.776  -0.112000  -7.704397197471
2.776  -0.104000  -7.699929177232
2.776  -0.096000  -7.695648093681
2.776  -0.088000  -7.691318835567
2.776  -0.080000  -7.686867119224
2.776  -0.072000  -7.682333931156
2.776  -0.064000  -7.677728176737
2.776  -0.056000  -7.673125146628
2.776  -0.048000  -7.668660475448
2.776  -0.040000  -7.664549923865
2.776  -0.032000  -7.661065407465
2.776  -0.024000  -7.658394218671
2.776  -0.016000  -7.656574177370
2.776  -0.008000  -7.655538364406
2.776  0.000000  -7.655204299198
2.776  0.008000  -7.655538364406
2.776  0.016000  -7.656574177370
2.776  0.024000  -7.658394218671
2.776  0.032000  -7.661065407465
2.776  0.040000  -7.664549923865
2.776  0.048000  -7.668660475448
2.776  0.056000  -7.673125146628
2.776  0.064000  -7.677728176737
2.776  0.072000  -7.682333931156
2.776  0.080000  -7.686867119224
2.776  0.088000  -7.691318835567
2.776  0.096000  -7.695648093681
2.776  0.104000  -7.699929177232
2.776  0.112000  -7.704397197471
2.776  0.120000  -7.709120033628
2.776  0.128000  -7.713925164049
2.776  0.136000  -7.718584367145
2.776  0.144000  -7.722910152380
2.776  0.152000  -7.726747721164
2.776  0.160000  -7.729956050570
2.776  0.168000  -7.732397095737
2.776  0.176000  -7.733928254342
2.776  0.184000  -7.734398285672
2.776  0.192000  -7.733646779706
2.776  0.200000  -7.731506681461
2.776  0.208000  -7.727808515787
2.776  0.216000  -7.722382995623
2.776  0.224000  -7.715058685451
2.776  0.232000  -7.705655961448
2.776  0.240000  -7.693983335711
2.776  0.248000  -7.679838720041
2.776  0.256000  -7.663010413749
2.776  0.264000  -7.643273495822
2.776  0.272000  -7.620384707155
2.776  0.280000  -7.594081556307
2.776  0.288000  -7.564085171614
2.776  0.296000  -7.530098648297
2.776  0.304000  -7.491796779611
2.776  0.312000  -7.448815717698
2.776  0.320000  -7.400753902380
2.776  0.328000  -7.347185381648
2.776  0.336000  -7.287649071441
2.776  0.344000  -7.221545718819
2.776  0.352000  -7.148047333031
2.776  0.360000  -7.066053917769
2.776  0.368000  -6.973288233263
2.776  0.376000  -6.867624306612
2.776  0.384000  -6.755175485974
2.776  0.392000  -6.639400553397
2.776  0.400000  -6.506641775959
