2.900  -0.450000  -6.778391037699
2.900  -0.447750  -6.819304854999
2.900  -0.445500  -6.859717061166
2.900  -0.443250  -6.898984888141
2.900  -0.441000  -6.936700397404
2.900  -0.438750  -6.972694694739
2.900  -0.436500  -7.006997964161
2.900  -0.434250  -7.039770987570
2.900  -0.432000  -7.071229026765
2.900  -0.429750  -7.101578118314
2.900  -0.427500  -7.130976460044
2.900  -0.425250  -7.159523083259
2.900  -0.423000  -7.187267104225
2.900  -0.420750  -7.214226695990
2.900  -0.418500  -7.240407869467
2.900  -0.416250  -7.265817261103
2.900  -0.414000  -7.290467700795
2.900  -0.411750  -7.314378406885
2.900  -0.409500  -7.337572636542
2.900  -0.407250  -7.360075054967
2.900  -0.405000  -7.381909941132
2.900  -0.402750  -7.403100380593
2.900  -0.400500  -7.423668112304
2.900  -0.398250  -7.443633633139
2.900  -0.396000  -7.463016308612
2.900  -0.393750  -7.481834406340
2.900  -0.391500  -7.500105071651
2.900  -0.389250  -7.517844295509
2.900  -0.387000  -7.535066913111
2.900  -0.384750  -7.551786647755
2.900  -0.382500  -7.568016195779
2.900  -0.380250  -7.583767339199
2.900  -0.378000  -7.599051070884
2.900  -0.375750  -7.613877719429
2.900  -0.373500  -7.628257064552
2.900  -0.371250  -7.642198437632
2.900  -0.369000  -7.655710805064
2.900  -0.366750  -7.668802834540
2.900  -0.364500  -7.681482945880
2.900  -0.362250  -7.693759348883
2.900  -0.360000  -7.705640070934
2.900  -0.357750  -7.717132976930
2.900  -0.355500  -7.728245783692
2.900  -0.353250  -7.738986070551
2.900  -0.351000  -7.749361287341
2.900  -0.348750  -7.759378760594
2.900  -0.346500  -7.769045698504
2.900  -0.344250  -7.778369194969
2.900  -0.342000  -7.787356232940
2.900  -0.339750  -7.796013687227
2.900  -0.337500  -7.804348326869
2.900  -0.335250  -7.812366817170
2.900  -0.333000  -7.820075721474
2.900  -0.330750  -7.827481502732
2.900  -0.328500  -7.834590524878
2.900  -0.326250  -7.841409054041
2.900  -0.324000  -7.847943259548
2.900  -0.321750  -7.854199214719
2.900  -0.319500  -7.860182897414
2.900  -0.317250  -7.865900190351
2.900  -0.315000  -7.871356881190
2.900  -0.312750  -7.876558662477
2.900  -0.310500  -7.881511131499
2.900  -0.308250  -7.886219790197
2.900  -0.306000  -7.890690045223
2.900  -0.303750  -7.894927208299
2.900  -0.301500  -7.898936496941
2.900  -0.299250  -7.902723035638
2.900  -0.297000  -7.906291857489
2.900  -0.294750  -7.909647906297
2.900  -0.292500  -7.912796039034
2.900  -0.290250  -7.915741028582
2.900  -0.288000  -7.918487566631
2.900  -0.285750  -7.921040266576
2.900  -0.283500  -7.923403666294
2.900  -0.281250  -7.925582230663
2.900  -0.279000  -7.927580353728
2.900  -0.276750  -7.929402360454
2.900  -0.274500  -7.931052508019
2.900  -0.272250  -7.932534986670
2.900  -0.270000  -7.933853920164
2.900  -0.267750  -7.935013365887
2.900  -0.265500  -7.936017314723
2.900  -0.263250  -7.936869690813
2.900  -0.261000  -7.937574351301
2.900  -0.258750  -7.938135086200
2.900  -0.256500  -7.938555618483
2.900  -0.254250  -7.938839604498
2.900  -0.252000  -7.938990634765
2.900  -0.249750  -7.939012235205
2.900  -0.247500  -7.938907868816
2.900  -0.245250  -7.938680937774
2.900  -0.243000  -7.938334785910
2.900  -0.240750  -7.937872701519
2.900  -0.238500  -7.937297920392
2.900  -0.236250  -7.936613629001
2.900  -0.234000  -7.935822967719
2.900  -0.231750  -7.934929033999
2.900  -0.229500  -7.933934885416
2.900  -0.227250  -7.932843542494
2.900  -0.225000  -7.931657991283
2.900  -0.222750  -7.930381185623
2.900  -0.220500  -7.929016049101
2.900  -0.218250  -7.927565476683
2.900  -0.216000  -7.926032336046
2.900  -0.213750  -7.924419468626
2.900  -0.211500  -7.922729690428
2.900  -0.209250  -7.920965792627
2.900  -0.207000  -7.919130541988
2.900  -0.204750  -7.917226681168
2.900  -0.202500  -7.915256928902
2.900  -0.200250  -7.913223980127
2.900  -0.198000  -7.911130506063
2.900  -0.195750  -7.908979154284
2.900  -0.193500  -7.906772548811
2.900  -0.191250  -7.904513290256
2.900  -0.189000  -7.902203956058
2.900  -0.186750  -7.899847100828
2.900  -0.184500  -7.897445256840
2.900  -0.182250  -7.895000934667
2.900  -0.180000  -7.892516623979
2.900  -0.177750  -7.889994794479
2.900  -0.175500  -7.887437896964
2.900  -0.173250  -7.884848364482
2.900  -0.171000  -7.882228613576
2.900  -0.168750  -7.879581045626
2.900  -0.166500  -7.876908048336
2.900  -0.164250  -7.874211997490
2.900  -0.162000  -7.871495259121
2.900  -0.159750  -7.868760192341
2.900  -0.157500  -7.866009153055
2.900  -0.155250  -7.863244498820
2.900  -0.153000  -7.860468594977
2.900  -0.150750  -7.857683822097
2.900  -0.148500  -7.854892584498
2.900  -0.146250  -7.852097319348
2.900  -0.144000  -7.849300505525
2.900  -0.141750  -7.846504671102
2.900  -0.139500  -7.843712398059
2.900  -0.137250  -7.840926322693
2.900  -0.135000  -7.838149130184
2.900  -0.132750  -7.835383542022
2.900  -0.130500  -7.832632295328
2.900  -0.128250  -7.829898113741
2.900  -0.126000  -7.827183670208
2.900  -0.123750  -7.824491542773
2.900  -0.121500  -7.821824165250
2.900  -0.119250  -7.819183775292
2.900  -0.117000  -7.816572362889
2.900  -0.114750  -7.813991622649
2.900  -0.112500  -7.811442913286
2.900  -0.110250  -7.808927227614
2.900  -0.108000  -7.806445176019
2.900  -0.105750  -7.803996985832
2.900  -0.103500  -7.801582518345
2.900  -0.101250  -7.799201304296
2.900  -0.099000  -7.796852597562
2.900  -0.096750  -7.794535445535
2.900  -0.094500  -7.792248773116
2.900  -0.092250  -7.789991475759
2.900  -0.090000  -7.787762515478
2.900  -0.087750  -7.785561012618
2.900  -0.085500  -7.783386325808
2.900  -0.083250  -7.781238113125
2.900  -0.081000  -7.779116369360
2.900  -0.078750  -7.777021437264
2.900  -0.076500  -7.774953994390
2.900  -0.074250  -7.772915020862
2.900  -0.072000  -7.770905756207
2.900  -0.069750  -7.768927654471
2.900  -0.067500  -7.766982345789
2.900  -0.065250  -7.765071609635
2.900  -0.063000  -7.763197360957
2.900  -0.060750  -7.761361646574
2.900  -0.058500  -7.759566646787
2.900  -0.056250  -7.757814676823
2.900  -0.054000  -7.756108184405
2.900  -0.051750  -7.754449742578
2.900  -0.049500  -7.752842039520
2.900  -0.047250  -7.751287868274
2.900  -0.045000  -7.749790118495
2.900  -0.042750  -7.748351769681
2.900  -0.040500  -7.746975881856
2.900  -0.038250  -7.745665576628
2.900  -0.036000  -7.744423999922
2.900  -0.033750  -7.743254258444
2.900  -0.031500  -7.742159324978
2.900  -0.029250  -7.741141913116
2.900  -0.027000  -7.740204329010
2.900  -0.024750  -7.739348315211
2.900  -0.022500  -7.738574908037
2.900  -0.020250  -7.737884333177
2.900  -0.018000  -7.737275963055
2.900  -0.015750  -7.736748352869
2.900  -0.013500  -7.736299361001
2.900  -0.011250  -7.735926345821
2.900  -0.009000  -7.735626418150
2.900  -0.006750  -7.735396720048
2.900  -0.004500  -7.735234698068
2.900  -0.002250  -7.735138342434
2.900  0.000000  -7.735106370703
2.900  0.002250  -7.735138342434
2.900  0.004500  -7.735234698068
2.900  0.006750  -7.735396720048
2.900  0.009000  -7.735626418150
2.900  0.011250  -7.735926345821
2.900  0.013500  -7.736299361001
2.900  0.015750  -7.736748352869
2.900  0.018000  -7.737275963055
2.900  0.020250  -7.737884333177
2.900  0.022500  -7.738574908037
2.900  0.024750  -7.739348315211
2.900  0.027000  -7.740204329010
2.900  0.029250  -7.741141913116
2.900  0.031500  -7.742159324978
2.900  0.033750  -7.743254258444
2.900  0.036000  -7.744423999922
2.900  0.038250  -7.745665576628
2.900  0.040500  -7.746975881856
2.900  0.042750  -7.748351769681
2.900  0.045000  -7.749790118495
2.900  0.047250  -7.751287868274
2.900  0.049500  -7.752842039520
2.900  0.051750  -7.754449742578
2.900  0.054000  -7.756108184405
2.900  0.056250  -7.757814676823
2.900  0.058500  -7.759566646787
2.900  0.060750  -7.761361646574
2.900  0.063000  -7.763197360957
2.900  0.065250  -7.765071609635
2.900  0.067500  -7.766982345789
2.900  0.069750  -7.768927654471
2.900  0.072000  -7.770905756207
2.900  0.074250  -7.772915020862
2.900  0.076500  -7.774953994390
2.900  0.078750  -7.777021437264
2.900  0.081000  -7.779116369360
2.900  0.083250  -7.781238113125
2.900  0.085500  -7.783386325808
2.900  0.087750  -7.785561012618
2.900  0.090000  -7.787762515478
2.900  0.092250  -7.789991475759
2.900  0.094500  -7.792248773116
2.900  0.096750  -7.794535445535
2.900  0.099000  -7.796852597562
2.900  0.101250  -7.799201304296
2.900  0.103500  -7.801582518345
2.900  0.105750  -7.803996985832
2.900  0.108000  -7.806445176019
2.900  0.110250  -7.808927227614
2.900  0.112500  -7.811442913286
2.900  0.114750  -7.813991622649
2.900  0.117000  -7.816572362889
2.900  0.119250  -7.819183775292
2.900  0.121500  -7.821824165250
2.900  0.123750  -7.824491542773
2.900  0.126000  -7.827183670208
2.900  0.128250  -7.829898113741
2.900  0.130500  -7.832632295328
2.900  0.132750  -7.835383542022
2.900  0.135000  -7.838149130184
2.900  0.137250  -7.840926322693
2.900  0.139500  -7.843712398059
2.900  0.141750  -7.846504671102
2.900  0.144000  -7.849300505525
2.900  0.146250  -7.852097319348
2.900  0.148500  -7.854892584498
2.900  0.150750  -7.857683822097
2.900  0.153000  -7.860468594977
2.900  0.155250  -7.863244498820
2.900  0.157500  -7.866009153055
2.900  0.159750  -7.868760192341
2.900  0.162000  -7.871495259121
2.900  0.164250  -7.874211997490
2.900  0.166500  -7.876908048336
2.900  0.168750  -7.879581045626
2.900  0.171000  -7.882228613576
2.900  0.173250  -7.884848364482
2.900  0.175500  -7.887437896964
2.900  0.177750  -7.889994794479
2.900  0.180000  -7.892516623979
2.900  0.182250  -7.895000934667
2.900  0.184500  -7.897445256840
2.900  0.186750  -7.899847100828
2.900  0.189000  -7.902203956058
2.900  0.191250  -7.904513290256
2.900  0.193500  -7.906772548811
2.900  0.195750  -7.908979154284
2.900  0.198000  -7.911130506063
2.900  0.200250  -7.913223980127
2.900  0.202500  -7.915256928902
2.900  0.204750  -7.917226681168
2.900  0.207000  -7.919130541988
2.900  0.209250  -7.920965792627
2.900  0.211500  -7.922729690428
2.900  0.213750  -7.924419468626
2.900  0.216000  -7.926032336046
2.900  0.218250  -7.927565476683
2.900  0.220500  -7.929016049101
2.900  0.222750  -7.930381185623
2.900  0.225000  -7.931657991283
2.900  0.227250  -7.932843542494
2.900  0.229500  -7.933934885416
2.900  0.231750  -7.934929033999
2.900  0.234000  -7.935822967719
2.900  0.236250  -7.936613629001
2.900  0.238500  -7.937297920392
2.900  0.240750  -7.937872701519
2.900  0.243000  -7.938334785910
2.900  0.245250  -7.938680937774
2.900  0.247500  -7.938907868816
2.900  0.249750  -7.939012235205
2.900  0.252000  -7.938990634765
2.900  0.254250  -7.938839604498
2.900  0.256500  -7.938555618483
2.900  0.258750  -7.938135086200
2.900  0.261000  -7.937574351301
2.900  0.263250  -7.936869690813
2.900  0.265500  -7.936017314723
2.900  0.267750  -7.935013365887
2.900  0.270000  -7.933853920164
2.900  0.272250  -7.932534986670
2.900  0.274500  -7.931052508019
2.900  0.276750  -7.929402360454
2.900  0.279000  -7.927580353728
2.900  0.281250  -7.925582230663
2.900  0.283500  -7.923403666294
2.900  0.285750  -7.921040266576
2.900  0.288000  -7.918487566631
2.900  0.290250  -7.915741028582
2.900  0.292500  -7.912796039034
2.900  0.294750  -7.909647906297
2.900  0.297000  -7.906291857489
2.900  0.299250  -7.902723035638
2.900  0.301500  -7.898936496941
2.900  0.303750  -7.894927208299
2.900  0.306000  -7.890690045223
2.900  0.308250  -7.886219790197
2.900  0.310500  -7.881511131499
2.900  0.312750  -7.876558662477
2.900  0.315000  -7.871356881190
2.900  0.317250  -7.865900190351
2.900  0.319500  -7.860182897414
2.900  0.321750  -7.854199214719
2.900  0.324000  -7.847943259548
2.900  0.326250  -7.841409054041
2.900  0.328500  -7.834590524878
2.900  0.330750  -7.827481502732
2.900  0.333000  -7.820075721474
2.900  0.335250  -7.812366817170
2.900  0.337500  -7.804348326869
2.900  0.339750  -7.796013687227
2.900  0.342000  -7.787356232940
2.900  0.344250  -7.778369194969
2.900  0.346500  -7.769045698504
2.900  0.348750  -7.759378760594
2.900  0.351000  -7.749361287341
2.900  0.353250  -7.738986070551
2.900  0.355500  -7.728245783692
2.900  0.357750  -7.717132976930
2.900  0.360000  -7.705640070934
2.900  0.362250  -7.693759348883
2.900  0.364500  -7.681482945880
2.900  0.366750  -7.668802834540
2.900  0.369000  -7.655710805064
2.900  0.371250  -7.642198437632
2.900  0.373500  -7.628257064552
2.900  0.375750  -7.613877719429
2.900  0.378000  -7.599051070884
2.900  0.380250  -7.583767339199
2.900  0.382500  -7.568016195779
2.900  0.384750  -7.551786647755
2.900  0.387000  -7.535066913111
2.900  0.389250  -7.517844295509
2.900  0.391500  -7.500105071651
2.900  0.393750  -7.481834406340
2.900  0.396000  -7.463016308612
2.900  0.398250  -7.443633633139
2.900  0.400500  -7.423668112304
2.900  0.402750  -7.403100380593
2.900  0.405000  -7.381909941132
2.900  0.407250  -7.360075054967
2.900  0.409500  -7.337572636542
2.900  0.411750  -7.314378406885
2.900  0.414000  -7.290467700795
2.900  0.416250  -7.265817261103
2.900  0.418500  -7.240407869467
2.900  0.420750  -7.214226695990
2.900  0.423000  -7.187267104225
2.900  0.425250  -7.159523083259
2.900  0.427500  -7.130976460044
2.900  0.429750  -7.101578118314
2.900  0.432000  -7.071229026765
2.900  0.434250  -7.039770987570
2.900  0.436500  -7.006997964161
2.900  0.438750  -6.972694694739
2.900  0.441000  -6.936700397404
2.900  0.443250  -6.898984888141
2.900  0.445500  -6.859717061166
2.900  0.447750  -6.819304854999
2.900  0.450000  -6.778391037699
