2.812  -0.400000  -6.832383405117
2.812  -0.392000  -6.942892493856
2.812  -0.384000  -7.046821412845
2.812  -0.376000  -7.139671485012
2.812  -0.368000  -7.222044892474
2.812  -0.360000  -7.295883519769
2.812  -0.352000  -7.362284944845
2.812  -0.344000  -7.422068373910
2.812  -0.336000  -7.475856579469
2.812  -0.328000  -7.524118784733
2.812  -0.320000  -7.567262644914
2.812  -0.312000  -7.605671040435
2.812  -0.304000  -7.639700247865
2.812  -0.296000  -7.669676642699
2.812  -0.288000  -7.695900348825
2.812  -0.280000  -7.718651795942
2.812  -0.272000  -7.738195410742
2.812  -0.264000  -7.754779044728
2.812  -0.256000  -7.768633072038
2.812  -0.248000  -7.779972437061
2.812  -0.240000  -7.789000265321
2.812  -0.232000  -7.795909569619
2.812  -0.224000  -7.800882294920
2.812  -0.216000  -7.804088865678
2.812  -0.208000  -7.805690906221
2.812  -0.200000  -7.805845538427
2.812  -0.192000  -7.804707867016
2.812  -0.184000  -7.802430514541
2.812  -0.176000  -7.799161661565
2.812  -0.168000  -7.795043528648
2.812  -0.160000  -7.790212290376
2.812  -0.152000  -7.784799558442
2.812  -0.144000  -7.778935075057
2.812  -0.136000  -7.772750863749
2.812  -0.128000  -7.766391163006
2.812  -0.120000  -7.760029685672
2.812  -0.112000  -7.753859938184
2.812  -0.104000  -7.748001705549
2.812  -0.096000  -7.742391374425
2.812  -0.088000  -7.736860489699
2.812  -0.080000  -7.731355830649
2.812  -0.072000  -7.725929159150
2.812  -0.064000  -7.720574266269
2.812  -0.056000  -7.715335005951
2.812  -0.048000  -7.710377917450
2.812  -0.040000  -7.705904240672
2.812  -0.032000  -7.702134064915
2.812  -0.024000  -7.699243134605
2.812  -0.016000  -7.697284136680
2.812  -0.008000  -7.696185678265
2.812  0.000000  -7.695836016818
2.812  0.008000  -7.696185678265
2.812  0.016000  -7.697284136680
2.812  0.024000  -7.699243134605
2.812  0.032000  -7.702134064915
2.812  0.040000  -7.705904240672
2.812  0.048000  -7.710377917450
2.812  0.056000  -7.715335005951
2.812  0.064000  -7.720574266269
2.812  0.072000  -7.725929159150
2.812  0.080000  -7.731355830649
2.812  0.088000  -7.736860489699
2.812  0.096000  -7.742391374425
2.812  0.104000  -7.748001705549
2.812  0.112000  -7.753859938184
2.812  0.120000  -7.760029685672
2.812  0.128000  -7.766391163006
2.812  0.136000  -7.772750863749
2.812  0.144000  -7.778935075057
2.812  0.152000  -7.784799558442
2.812  0.160000  -7.790212290376
2.812  0.168000  -7.795043528648
2.812  0.176000  -7.799161661565
2.812  0.184000  -7.802430514541
2.812  0.192000  -7.804707867016
2.812  0.200000  -7.805845538427
2.812  0.208000  -7.805690906221
2.812  0.216000  -7.804088865678
2.812  0.224000  -7.800882294920
2.812  0.232000  -7.795909569619
2.812  0.240000  -7.789000265321
2.812  0.248000  -7.779972437061
2.812  0.256000  -7.768633072038
2.812  0.264000  -7.754779044728
2.812  0.272000  -7.738195410742
2.812  0.280000  -7.718651795942
2.812  0.288000  -7.695900348825
2.812  0.296000  -7.669676642699
2.812  0.304000  -7.639700247865
2.812  0.312000  -7.605671040435
2.812  0.320000  -7.567262644914
2.812  0.328000  -7.524118784733
2.812  0.336000  -7.475856579469
2.812  0.344000  -7.422068373910
2.812  0.352000  -7.362284944845
2.812  0.360000  -7.295883519769
2.812  0.368000  -7.222044892474
2.812  0.376000  -7.139671485012
2.812  0.384000  -7.046821412845
2.812  0.392000  -6.942892493856
2.812  0.400000  -6.832383405117
