2.855  -0.450000  -6.351051291610
2.855  -0.441000  -6.526982615264
2.855  -0.432000  -6.690221526447
2.855  -0.423000  -6.849014136680
2.855  -0.414000  -6.981954142339
2.855  -0.405000  -7.099918148410
2.855  -0.396000  -7.205882467161
2.855  -0.387000  -7.299337980269
2.855  -0.378000  -7.382074894664
2.855  -0.369000  -7.455531274655
2.855  -0.360000  -7.520781647258
2.855  -0.351000  -7.578630867834
2.855  -0.342000  -7.629702375399
2.855  -0.333000  -7.674539759171
2.855  -0.324000  -7.713644929904
2.855  -0.315000  -7.747483211734
2.855  -0.306000  -7.776485552826
2.855  -0.297000  -7.801053142003
2.855  -0.288000  -7.821561226701
2.855  -0.279000  -7.838359785780
2.855  -0.270000  -7.851773336860
2.855  -0.261000  -7.862103197126
2.855  -0.252000  -7.869631418257
2.855  -0.243000  -7.874623061919
2.855  -0.234000  -7.877325990765
2.855  -0.225000  -7.877971042468
2.855  -0.216000  -7.876775016528
2.855  -0.207000  -7.873945176369
2.855  -0.198000  -7.869682305371
2.855  -0.189000  -7.864181251206
2.855  -0.180000  -7.857630194639
2.855  -0.171000  -7.850210281342
2.855  -0.162000  -7.842096464747
2.855  -0.153000  -7.833459405475
2.855  -0.144000  -7.824467924331
2.855  -0.135000  -7.815294964482
2.855  -0.126000  -7.806131828411
2.855  -0.117000  -7.797193768522
2.855  -0.108000  -7.788668323710
2.855  -0.099000  -7.780606387444
2.855  -0.090000  -7.772894557673
2.855  -0.081000  -7.765414157315
2.855  -0.072000  -7.758185174155
2.855  -0.063000  -7.751285899299
2.855  -0.054000  -7.744787093861
2.855  -0.045000  -7.738867397876
2.855  -0.036000  -7.733788773620
2.855  -0.027000  -7.729788758063
2.855  -0.018000  -7.727024200320
2.855  -0.009000  -7.725484615877
2.855  0.000000  -7.725004990208
2.855  0.009000  -7.725484615877
2.855  0.018000  -7.727024200320
2.855  0.027000  -7.729788758063
2.855  0.036000  -7.733788773620
2.855  0.045000  -7.738867397876
2.855  0.054000  -7.744787093861
2.855  0.063000  -7.751285899299
2.855  0.072000  -7.758185174155
2.855  0.081000  -7.765414157315
2.855  0.090000  -7.772894557673
2.855  0.099000  -7.780606387444
2.855  0.108000  -7.788668323710
2.855  0.117000  -7.797193768522
2.855  0.126000  -7.806131828411
2.855  0.135000  -7.815294964482
2.855  0.144000  -7.824467924331
2.855  0.153000  -7.833459405475
2.855  0.162000  -7.842096464747
2.855  0.171000  -7.850210281342
2.855  0.180000  -7.857630194639
2.855  0.189000  -7.864181251206
2.855  0.198000  -7.869682305371
2.855  0.207000  -7.873945176369
2.855  0.216000  -7.876775016528
2.855  0.225000  -7.877971042468
2.855  0.234000  -7.877325990765
2.855  0.243000  -7.874623061919
2.855  0.252000  -7.869631418257
2.855  0.261000  -7.862103197126
2.855  0.270000  -7.851773336860
2.855  0.279000  -7.838359785780
2.855  0.288000  -7.821561226701
2.855  0.297000  -7.801053142003
2.855  0.306000  -7.776485552826
2.855  0.315000  -7.747483211734
2.855  0.324000  -7.713644929904
2.855  0.333000  -7.674539759171
2.855  0.342000  -7.629702375399
2.855  0.351000  -7.578630867834
2.855  0.360000  -7.520781647258
2.855  0.369000  -7.455531274655
2.855  0.378000  -7.382074894664
2.855  0.387000  -7.299337980269
2.855  0.396000  -7.205882467161
2.855  0.405000  -7.099918148410
2.855  0.414000  -6.981954142339
2.855  0.423000  -6.849014136680
2.855  0.432000  -6.690221526447
2.855  0.441000  -6.526982615264
2.855  0.450000  -6.351051291610
