2.650  -0.350000  -6.065381711411
2.650  -0.348250  -6.095857007366
2.650  -0.346500  -6.125486938448
2.650  -0.344750  -6.154305922722
2.650  -0.343000  -6.182395586413
2.650  -0.341250  -6.209873176854
2.650  -0.339500  -6.236874130050
2.650  -0.337750  -6.263531160006
2.650  -0.336000  -6.289953459380
2.650  -0.334250  -6.316210052794
2.650  -0.332500  -6.342320743013
2.650  -0.330750  -6.368256502502
2.650  -0.329000  -6.393948989675
2.650  -0.327250  -6.419306724405
2.650  -0.325500  -6.444233975653
2.650  -0.323750  -6.468648038400
2.650  -0.322000  -6.492491391022
2.650  -0.320250  -6.515736908573
2.650  -0.318500  -6.538386263578
2.650  -0.316750  -6.560463243668
2.650  -0.315000  -6.582004540685
2.650  -0.313250  -6.603050542073
2.650  -0.311500  -6.623637998171
2.650  -0.309750  -6.643795502601
2.650  -0.308000  -6.663541839013
2.650  -0.306250  -6.682886626164
2.650  -0.304500  -6.701832402394
2.650  -0.302750  -6.720377287979
2.650  -0.301000  -6.738517549343
2.650  -0.299250  -6.756249652495
2.650  -0.297500  -6.773571645102
2.650  -0.295750  -6.790483894058
2.650  -0.294000  -6.806989310436
2.650  -0.292250  -6.823093225426
2.650  -0.290500  -6.838803063219
2.650  -0.288750  -6.854127916468
2.650  -0.287000  -6.869078089107
2.650  -0.285250  -6.883664642288
2.650  -0.283500  -6.897898965442
2.650  -0.281750  -6.911792391837
2.650  -0.280000  -6.925355879468
2.650  -0.278250  -6.938599776933
2.650  -0.276500  -6.951533686679
2.650  -0.274750  -6.964166425368
2.650  -0.273000  -6.976506066640
2.650  -0.271250  -6.988560040003
2.650  -0.269500  -7.000335254485
2.650  -0.267750  -7.011838218002
2.650  -0.266000  -7.023075131795
2.650  -0.264250  -7.034051950475
2.650  -0.262500  -7.044774408891
2.650  -0.260750  -7.055248024463
2.650  -0.259000  -7.065478086908
2.650  -0.257250  -7.075469646590
2.650  -0.255500  -7.085227509539
2.650  -0.253750  -7.094756242971
2.650  -0.252000  -7.104060191350
2.650  -0.250250  -7.113143500444
2.650  -0.248500  -7.122010145600
2.650  -0.246750  -7.130663960482
2.650  -0.245000  -7.139108663226
2.650  -0.243250  -7.147347877992
2.650  -0.241500  -7.155385150919
2.650  -0.239750  -7.163223960289
2.650  -0.238000  -7.170867721329
2.650  -0.236250  -7.178319786506
2.650  -0.234500  -7.185583442448
2.650  -0.232750  -7.192661904824
2.650  -0.231000  -7.199558312563
2.650  -0.229250  -7.206275722706
2.650  -0.227500  -7.212817106985
2.650  -0.225750  -7.219185350842
2.650  -0.224000  -7.225383255219
2.650  -0.222250  -7.231413541056
2.650  -0.220500  -7.237278856145
2.650  -0.218750  -7.242981783842
2.650  -0.217000  -7.248524853157
2.650  -0.215250  -7.253910549838
2.650  -0.213500  -7.259141328217
2.650  -0.211750  -7.264219623610
2.650  -0.210000  -7.269147865049
2.650  -0.208250  -7.273928487872
2.650  -0.206500  -7.278563945456
2.650  -0.204750  -7.283056719050
2.650  -0.203000  -7.287409324557
2.650  -0.201250  -7.291624315197
2.650  -0.199500  -7.295704279356
2.650  -0.197750  -7.299651833576
2.650  -0.196000  -7.303469611410
2.650  -0.194250  -7.307160249630
2.650  -0.192500  -7.310726373802
2.650  -0.190750  -7.314170585445
2.650  -0.189000  -7.317495452754
2.650  -0.187250  -7.320703506257
2.650  -0.185500  -7.323797239895
2.650  -0.183750  -7.326779117083
2.650  -0.182000  -7.329651580449
2.650  -0.180250  -7.332417063400
2.650  -0.178500  -7.335078001389
2.650  -0.176750  -7.337636840878
2.650  -0.175000  -7.340096044323
2.650  -0.173250  -7.342458090087
2.650  -0.171500  -7.344725466771
2.650  -0.169750  -7.346900662102
2.650  -0.168000  -7.348986147124
2.650  -0.166250  -7.350984356948
2.650  -0.164500  -7.352897669839
2.650  -0.162750  -7.354728386785
2.650  -0.161000  -7.356478714028
2.650  -0.159250  -7.358150751081
2.650  -0.157500  -7.359746486546
2.650  -0.155750  -7.361267803326
2.650  -0.154000  -7.362716493626
2.650  -0.152250  -7.364094282500
2.650  -0.150500  -7.365402856981
2.650  -0.148750  -7.366643896574
2.650  -0.147000  -7.367819100734
2.650  -0.145250  -7.368930210268
2.650  -0.143500  -7.369979022250
2.650  -0.141750  -7.370967401046
2.650  -0.140000  -7.371897289992
2.650  -0.138250  -7.372770727554
2.650  -0.136500  -7.373589868185
2.650  -0.134750  -7.374357002470
2.650  -0.133000  -7.375074566557
2.650  -0.131250  -7.375745130434
2.650  -0.129500  -7.376371360712
2.650  -0.127750  -7.376955965473
2.650  -0.126000  -7.377501642621
2.650  -0.124250  -7.378011062488
2.650  -0.122500  -7.378486913931
2.650  -0.120750  -7.378932027391
2.650  -0.119000  -7.379349560351
2.650  -0.117250  -7.379743198092
2.650  -0.115500  -7.380117297122
2.650  -0.113750  -7.380476891575
2.650  -0.112000  -7.380827500946
2.650  -0.110250  -7.381174719961
2.650  -0.108500  -7.381523628459
2.650  -0.106750  -7.381878115404
2.650  -0.105000  -7.382240249347
2.650  -0.103250  -7.382609834908
2.650  -0.101500  -7.382984266236
2.650  -0.099750  -7.383358729659
2.650  -0.098000  -7.383726733012
2.650  -0.096250  -7.384080867926
2.650  -0.094500  -7.384413662395
2.650  -0.092750  -7.384718367042
2.650  -0.091000  -7.384989542647
2.650  -0.089250  -7.385223370776
2.650  -0.087500  -7.385417677546
2.650  -0.085750  -7.385571722972
2.650  -0.084000  -7.385685848536
2.650  -0.082250  -7.385761085213
2.650  -0.080500  -7.385798805390
2.650  -0.078750  -7.385800465847
2.650  -0.077000  -7.385767449964
2.650  -0.075250  -7.385700988659
2.650  -0.073500  -7.385602127836
2.650  -0.071750  -7.385471714672
2.650  -0.070000  -7.385310389273
2.650  -0.068250  -7.385118583563
2.650  -0.066500  -7.384896538951
2.650  -0.064750  -7.384644355298
2.650  -0.063000  -7.384362077284
2.650  -0.061250  -7.384049814099
2.650  -0.059500  -7.383707878863
2.650  -0.057750  -7.383336928483
2.650  -0.056000  -7.382938084060
2.650  -0.054250  -7.382513015795
2.650  -0.052500  -7.382063982934
2.650  -0.050750  -7.381593826529
2.650  -0.049000  -7.381105919059
2.650  -0.047250  -7.380604079244
2.650  -0.045500  -7.380092462465
2.650  -0.043750  -7.379575437396
2.650  -0.042000  -7.379057458336
2.650  -0.040250  -7.378542940915
2.650  -0.038500  -7.378036146933
2.650  -0.036750  -7.377541082328
2.650  -0.035000  -7.377061410910
2.650  -0.033250  -7.376600385490
2.650  -0.031500  -7.376160797307
2.650  -0.029750  -7.375744944078
2.650  -0.028000  -7.375354616513
2.650  -0.026250  -7.374991102569
2.650  -0.024500  -7.374655208202
2.650  -0.022750  -7.374347292767
2.650  -0.021000  -7.374067316706
2.650  -0.019250  -7.373814898737
2.650  -0.017500  -7.373589379528
2.650  -0.015750  -7.373389888737
2.650  -0.014000  -7.373215412497
2.650  -0.012250  -7.373064858707
2.650  -0.010500  -7.372937117978
2.650  -0.008750  -7.372831118606
2.650  -0.007000  -7.372745874488
2.650  -0.005250  -7.372680525414
2.650  -0.003500  -7.372634369560
2.650  -0.001750  -7.372606888296
2.650  0.000000  -7.372597763589
2.650  0.001750  -7.372606888296
2.650  0.003500  -7.372634369560
2.650  0.005250  -7.372680525414
2.650  0.007000  -7.372745874488
2.650  0.008750  -7.372831118606
2.650  0.010500  -7.372937117978
2.650  0.012250  -7.373064858707
2.650  0.014000  -7.373215412497
2.650  0.015750  -7.373389888737
2.650  0.017500  -7.373589379528
2.650  0.019250  -7.373814898737
2.650  0.021000  -7.374067316706
2.650  0.022750  -7.374347292767
2.650  0.024500  -7.374655208202
2.650  0.026250  -7.374991102569
2.650  0.028000  -7.375354616513
2.650  0.029750  -7.375744944078
2.650  0.031500  -7.376160797307
2.650  0.033250  -7.376600385490
2.650  0.035000  -7.377061410910
2.650  0.036750  -7.377541082328
2.650  0.038500  -7.378036146933
2.650  0.040250  -7.378542940915
2.650  0.042000  -7.379057458336
2.650  0.043750  -7.379575437396
2.650  0.045500  -7.380092462465
2.650  0.047250  -7.380604079244
2.650  0.049000  -7.381105919059
2.650  0.050750  -7.381593826529
2.650  0.052500  -7.382063982934
2.650  0.054250  -7.382513015795
2.650  0.056000  -7.382938084060
2.650  0.057750  -7.383336928483
2.650  0.059500  -7.383707878863
2.650  0.061250  -7.384049814099
2.650  0.063000  -7.384362077284
2.650  0.064750  -7.384644355298
2.650  0.066500  -7.384896538951
2.650  0.068250  -7.385118583563
2.650  0.070000  -7.385310389273
2.650  0.071750  -7.385471714672
2.650  0.073500  -7.385602127836
2.650  0.075250  -7.385700988659
2.650  0.077000  -7.385767449964
2.650  0.078750  -7.385800465847
2.650  0.080500  -7.385798805390
2.650  0.082250  -7.385761085213
2.650  0.084000  -7.385685848536
2.650  0.085750  -7.385571722972
2.650  0.087500  -7.385417677546
2.650  0.089250  -7.385223370776
2.650  0.091000  -7.384989542647
2.650  0.092750  -7.384718367042
2.650  0.094500  -7.384413662395
2.650  0.096250  -7.384080867926
2.650  0.098000  -7.383726733012
2.650  0.099750  -7.383358729659
2.650  0.101500  -7.382984266236
2.650  0.103250  -7.382609834908
2.650  0.105000  -7.382240249347
2.650  0.106750  -7.381878115404
2.650  0.108500  -7.381523628459
2.650  0.110250  -7.381174719961
2.650  0.112000  -7.380827500946
2.650  0.113750  -7.380476891575
2.650  0.115500  -7.380117297122
2.650  0.117250  -7.379743198092
2.650  0.119000  -7.379349560351
2.650  0.120750  -7.378932027391
2.650  0.122500  -7.378486913931
2.650  0.124250  -7.378011062488
2.650  0.126000  -7.377501642621
2.650  0.127750  -7.376955965473
2.650  0.129500  -7.376371360712
2.650  0.131250  -7.375745130434
2.650  0.133000  -7.375074566557
2.650  0.134750  -7.374357002470
2.650  0.136500  -7.373589868185
2.650  0.138250  -7.372770727554
2.650  0.140000  -7.371897289992
2.650  0.141750  -7.370967401046
2.650  0.143500  -7.369979022250
2.650  0.145250  -7.368930210268
2.650  0.147000  -7.367819100734
2.650  0.148750  -7.366643896574
2.650  0.150500  -7.365402856981
2.650  0.152250  -7.364094282500
2.650  0.154000  -7.362716493626
2.650  0.155750  -7.361267803326
2.650  0.157500  -7.359746486546
2.650  0.159250  -7.358150751081
2.650  0.161000  -7.356478714028
2.650  0.162750  -7.354728386785
2.650  0.164500  -7.352897669839
2.650  0.166250  -7.350984356948
2.650  0.168000  -7.348986147124
2.650  0.169750  -7.346900662102
2.650  0.171500  -7.344725466771
2.650  0.173250  -7.342458090087
2.650  0.175000  -7.340096044323
2.650  0.176750  -7.337636840878
2.650  0.178500  -7.335078001389
2.650  0.180250  -7.332417063400
2.650  0.182000  -7.329651580449
2.650  0.183750  -7.326779117083
2.650  0.185500  -7.323797239895
2.650  0.187250  -7.320703506257
2.650  0.189000  -7.317495452754
2.650  0.190750  -7.314170585445
2.650  0.192500  -7.310726373802
2.650  0.194250  -7.307160249630
2.650  0.196000  -7.303469611410
2.650  0.197750  -7.299651833576
2.650  0.199500  -7.295704279356
2.650  0.201250  -7.291624315197
2.650  0.203000  -7.287409324557
2.650  0.204750  -7.283056719050
2.650  0.206500  -7.278563945456
2.650  0.208250  -7.273928487872
2.650  0.210000  -7.269147865049
2.650  0.211750  -7.264219623610
2.650  0.213500  -7.259141328217
2.650  0.215250  -7.253910549838
2.650  0.217000  -7.248524853157
2.650  0.218750  -7.242981783842
2.650  0.220500  -7.237278856145
2.650  0.222250  -7.231413541056
2.650  0.224000  -7.225383255219
2.650  0.225750  -7.219185350842
2.650  0.227500  -7.212817106985
2.650  0.229250  -7.206275722706
2.650  0.231000  -7.199558312563
2.650  0.232750  -7.192661904824
2.650  0.234500  -7.185583442448
2.650  0.236250  -7.178319786506
2.650  0.238000  -7.170867721329
2.650  0.239750  -7.163223960289
2.650  0.241500  -7.155385150919
2.650  0.243250  -7.147347877992
2.650  0.245000  -7.139108663226
2.650  0.246750  -7.130663960482
2.650  0.248500  -7.122010145600
2.650  0.250250  -7.113143500444
2.650  0.252000  -7.104060191350
2.650  0.253750  -7.094756242971
2.650  0.255500  -7.085227509539
2.650  0.257250  -7.075469646590
2.650  0.259000  -7.065478086908
2.650  0.260750  -7.055248024463
2.650  0.262500  -7.044774408891
2.650  0.264250  -7.034051950475
2.650  0.266000  -7.023075131795
2.650  0.267750  -7.011838218002
2.650  0.269500  -7.000335254485
2.650  0.271250  -6.988560040003
2.650  0.273000  -6.976506066640
2.650  0.274750  -6.964166425368
2.650  0.276500  -6.951533686679
2.650  0.278250  -6.938599776933
2.650  0.280000  -6.925355879468
2.650  0.281750  -6.911792391837
2.650  0.283500  -6.897898965442
2.650  0.285250  -6.883664642288
2.650  0.287000  -6.869078089107
2.650  0.288750  -6.854127916468
2.650  0.290500  -6.838803063219
2.650  0.292250  -6.823093225426
2.650  0.294000  -6.806989310436
2.650  0.295750  -6.790483894058
2.650  0.297500  -6.773571645102
2.650  0.299250  -6.756249652495
2.650  0.301000  -6.738517549343
2.650  0.302750  -6.720377287979
2.650  0.304500  -6.701832402394
2.650  0.306250  -6.682886626164
2.650  0.308000  -6.663541839013
2.650  0.309750  -6.643795502601
2.650  0.311500  -6.623637998171
2.650  0.313250  -6.603050542073
2.650  0.315000  -6.582004540685
2.650  0.316750  -6.560463243668
2.650  0.318500  -6.538386263578
2.650  0.320250  -6.515736908573
2.650  0.322000  -6.492491391022
2.650  0.323750  -6.468648038400
2.650  0.325500  -6.444233975653
2.650  0.327250  -6.419306724405
2.650  0.329000  -6.393948989675
2.650  0.330750  -6.368256502502
2.650  0.332500  -6.342320743013
2.650  0.334250  -6.316210052794
2.650  0.336000  -6.289953459380
2.650  0.337750  -6.263531160006
2.650  0.339500  -6.236874130050
2.650  0.341250  -6.209873176854
2.650  0.343000  -6.182395586413
2.650  0.344750  -6.154305922722
2.650  0.346500  -6.125486938448
2.650  0.348250  -6.095857007366
2.650  0.350000  -6.065381711411
