2.909  -0.450000  -6.863714992314
2.909  -0.441000  -7.012666848118
2.909  -0.432000  -7.138054998262
2.909  -0.423000  -7.248074782465
2.909  -0.414000  -7.345761761643
2.909  -0.405000  -7.432345373563
2.909  -0.396000  -7.509219246717
2.909  -0.387000  -7.577523742519
2.909  -0.378000  -7.638119535222
2.909  -0.369000  -7.691664325329
2.909  -0.360000  -7.738710288120
2.909  -0.351000  -7.779756501559
2.909  -0.342000  -7.815267637962
2.909  -0.333000  -7.845680470563
2.909  -0.324000  -7.871406405362
2.909  -0.315000  -7.892832418263
2.909  -0.306000  -7.910321290033
2.909  -0.297000  -7.924211786032
2.909  -0.288000  -7.934819723946
2.909  -0.279000  -7.942440179856
2.909  -0.270000  -7.947349765066
2.909  -0.261000  -7.949807817080
2.909  -0.252000  -7.950056599446
2.909  -0.243000  -7.948321659540
2.909  -0.234000  -7.944813327148
2.909  -0.225000  -7.939729300714
2.909  -0.216000  -7.933257424151
2.909  -0.207000  -7.925577777071
2.909  -0.198000  -7.916863826723
2.909  -0.189000  -7.907282912750
2.909  -0.180000  -7.896996495643
2.909  -0.171000  -7.886160594717
2.909  -0.162000  -7.874926662285
2.909  -0.153000  -7.863443097806
2.909  -0.144000  -7.851858517916
2.909  -0.135000  -7.840327628696
2.909  -0.126000  -7.829014102989
2.909  -0.117000  -7.818077328529
2.909  -0.108000  -7.807638738292
2.909  -0.099000  -7.797748637839
2.909  -0.090000  -7.788387219478
2.909  -0.081000  -7.779512765793
2.909  -0.072000  -7.771123683421
2.909  -0.063000  -7.763279551028
2.909  -0.054000  -7.756085383420
2.909  -0.045000  -7.749682959614
2.909  -0.036000  -7.744252797352
2.909  -0.027000  -7.740000679585
2.909  -0.018000  -7.737066879741
2.909  -0.009000  -7.735417352204
2.909  0.000000  -7.734896313958
2.909  0.009000  -7.735417352204
2.909  0.018000  -7.737066879741
2.909  0.027000  -7.740000679585
2.909  0.036000  -7.744252797352
2.909  0.045000  -7.749682959614
2.909  0.054000  -7.756085383420
2.909  0.063000  -7.763279551028
2.909  0.072000  -7.771123683421
2.909  0.081000  -7.779512765793
2.909  0.090000  -7.788387219478
2.909  0.099000  -7.797748637839
2.909  0.108000  -7.807638738292
2.909  0.117000  -7.818077328529
2.909  0.126000  -7.829014102989
2.909  0.135000  -7.840327628696
2.909  0.144000  -7.851858517916
2.909  0.153000  -7.863443097806
2.909  0.162000  -7.874926662285
2.909  0.171000  -7.886160594717
2.909  0.180000  -7.896996495643
2.909  0.189000  -7.907282912750
2.909  0.198000  -7.916863826723
2.909  0.207000  -7.925577777071
2.909  0.216000  -7.933257424151
2.909  0.225000  -7.939729300714
2.909  0.234000  -7.944813327148
2.909  0.243000  -7.948321659540
2.909  0.252000  -7.950056599446
2.909  0.261000  -7.949807817080
2.909  0.270000  -7.947349765066
2.909  0.279000  -7.942440179856
2.909  0.288000  -7.934819723946
2.909  0.297000  -7.924211786032
2.909  0.306000  -7.910321290033
2.909  0.315000  -7.892832418263
2.909  0.324000  -7.871406405362
2.909  0.333000  -7.845680470563
2.909  0.342000  -7.815267637962
2.909  0.351000  -7.779756501559
2.909  0.360000  -7.738710288120
2.909  0.369000  -7.691664325329
2.909  0.378000  -7.638119535222
2.909  0.387000  -7.577523742519
2.909  0.396000  -7.509219246717
2.909  0.405000  -7.432345373563
2.909  0.414000  -7.345761761643
2.909  0.423000  -7.248074782465
2.909  0.432000  -7.138054998262
2.909  0.441000  -7.012666848118
2.909  0.450000  -6.863714992314
