2.700  -0.350000  -6.564409074289
2.700  -0.348250  -6.590245638586
2.700  -0.346500  -6.615896856424
2.700  -0.344750  -6.641200125414
2.700  -0.343000  -6.666004847989
2.700  -0.341250  -6.690192981394
2.700  -0.339500  -6.713690147489
2.700  -0.337750  -6.736466855353
2.700  -0.336000  -6.758531756866
2.700  -0.334250  -6.779920244407
2.700  -0.332500  -6.800681908226
2.700  -0.330750  -6.820869633786
2.700  -0.329000  -6.840531910681
2.700  -0.327250  -6.859708719217
2.700  -0.325500  -6.878430474378
2.700  -0.323750  -6.896719053804
2.700  -0.322000  -6.914589871245
2.700  -0.320250  -6.932054149592
2.700  -0.318500  -6.949120852534
2.700  -0.316750  -6.965798034901
2.700  -0.315000  -6.982093600624
2.700  -0.313250  -6.998015591494
2.700  -0.311500  -7.013572179133
2.700  -0.309750  -7.028771522227
2.700  -0.308000  -7.043621608700
2.700  -0.306250  -7.058130150697
2.700  -0.304500  -7.072304553943
2.700  -0.302750  -7.086151950165
2.700  -0.301000  -7.099679264191
2.700  -0.299250  -7.112893284628
2.700  -0.297500  -7.125800714575
2.700  -0.295750  -7.138408191336
2.700  -0.294000  -7.150722276563
2.700  -0.292250  -7.162749426855
2.700  -0.290500  -7.174495958096
2.700  -0.288750  -7.185968015058
2.700  -0.287000  -7.197171552966
2.700  -0.285250  -7.208112332121
2.700  -0.283500  -7.218795922324
2.700  -0.281750  -7.229227711721
2.700  -0.280000  -7.239412914910
2.700  -0.278250  -7.249356577018
2.700  -0.276500  -7.259063572934
2.700  -0.274750  -7.268538603089
2.700  -0.273000  -7.277786188476
2.700  -0.271250  -7.286810667883
2.700  -0.269500  -7.295616199660
2.700  -0.267750  -7.304206769212
2.700  -0.266000  -7.312586202141
2.700  -0.264250  -7.320758181892
2.700  -0.262500  -7.328726270120
2.700  -0.260750  -7.336493927711
2.700  -0.259000  -7.344064534564
2.700  -0.257250  -7.351441406602
2.700  -0.255500  -7.358627808970
2.700  -0.253750  -7.365626964943
2.700  -0.252000  -7.372442060517
2.700  -0.250250  -7.379076245100
2.700  -0.248500  -7.385532629016
2.700  -0.246750  -7.391814278774
2.700  -0.245000  -7.397924211147
2.700  -0.243250  -7.403865387127
2.700  -0.241500  -7.409640706714
2.700  -0.239750  -7.415253005271
2.700  -0.238000  -7.420705051922
2.700  -0.236250  -7.425999550170
2.700  -0.234500  -7.431139140615
2.700  -0.232750  -7.436126405457
2.700  -0.231000  -7.440963874308
2.700  -0.229250  -7.445654030835
2.700  -0.227500  -7.450199319753
2.700  -0.225750  -7.454602153784
2.700  -0.224000  -7.458864920266
2.700  -0.222250  -7.462989987156
2.700  -0.220500  -7.466979708221
2.700  -0.218750  -7.470836427179
2.700  -0.217000  -7.474562480607
2.700  -0.215250  -7.478160199441
2.700  -0.213500  -7.481631908996
2.700  -0.211750  -7.484979927543
2.700  -0.210000  -7.488206563674
2.700  -0.208250  -7.491314112846
2.700  -0.206500  -7.494304853620
2.700  -0.204750  -7.497181044232
2.700  -0.203000  -7.499944920047
2.700  -0.201250  -7.502598692404
2.700  -0.199500  -7.505144549122
2.700  -0.197750  -7.507584656724
2.700  -0.196000  -7.509921164174
2.700  -0.194250  -7.512156207729
2.700  -0.192500  -7.514291916336
2.700  -0.190750  -7.516330416947
2.700  -0.189000  -7.518273839152
2.700  -0.187250  -7.520124318593
2.700  -0.185500  -7.521883998811
2.700  -0.183750  -7.523555031313
2.700  -0.182000  -7.525139573842
2.700  -0.180250  -7.526639786983
2.700  -0.178500  -7.528057829352
2.700  -0.176750  -7.529395851729
2.700  -0.175000  -7.530655990531
2.700  -0.173250  -7.531840361052
2.700  -0.171500  -7.532951050871
2.700  -0.169750  -7.533990113804
2.700  -0.168000  -7.534959564711
2.700  -0.166250  -7.535861375432
2.700  -0.164500  -7.536697472012
2.700  -0.162750  -7.537469733330
2.700  -0.161000  -7.538179991166
2.700  -0.159250  -7.538830031662
2.700  -0.157500  -7.539421598109
2.700  -0.155750  -7.539956394986
2.700  -0.154000  -7.540436093162
2.700  -0.152250  -7.540862336311
2.700  -0.150500  -7.541236748613
2.700  -0.148750  -7.541560943997
2.700  -0.147000  -7.541836537176
2.700  -0.145250  -7.542065156741
2.700  -0.143500  -7.542248460276
2.700  -0.141750  -7.542388151046
2.700  -0.140000  -7.542485995102
2.700  -0.138250  -7.542543836896
2.700  -0.136500  -7.542563610976
2.700  -0.134750  -7.542547347333
2.700  -0.133000  -7.542497169048
2.700  -0.131250  -7.542415283101
2.700  -0.129500  -7.542303968535
2.700  -0.127750  -7.542165569655
2.700  -0.126000  -7.542002504174
2.700  -0.124250  -7.541817295192
2.700  -0.122500  -7.541612630180
2.700  -0.120750  -7.541391439416
2.700  -0.119000  -7.541156972588
2.700  -0.117250  -7.540912839925
2.700  -0.115500  -7.540662978720
2.700  -0.113750  -7.540411512330
2.700  -0.112000  -7.540162488396
2.700  -0.110250  -7.539919512902
2.700  -0.108500  -7.539685329399
2.700  -0.106750  -7.539461418286
2.700  -0.105000  -7.539247700607
2.700  -0.103250  -7.539042419684
2.700  -0.101500  -7.538842243117
2.700  -0.099750  -7.538642584173
2.700  -0.098000  -7.538438095918
2.700  -0.096250  -7.538223255084
2.700  -0.094500  -7.537992934670
2.700  -0.092750  -7.537742869147
2.700  -0.091000  -7.537469942371
2.700  -0.089250  -7.537172269143
2.700  -0.087500  -7.536849086123
2.700  -0.085750  -7.536500505274
2.700  -0.084000  -7.536127204194
2.700  -0.082250  -7.535730128445
2.700  -0.080500  -7.535310263154
2.700  -0.078750  -7.534868501587
2.700  -0.077000  -7.534405606881
2.700  -0.075250  -7.533922238843
2.700  -0.073500  -7.533419006897
2.700  -0.071750  -7.532896513954
2.700  -0.070000  -7.532355370762
2.700  -0.068250  -7.531796179513
2.700  -0.066500  -7.531219502052
2.700  -0.064750  -7.530625836513
2.700  -0.063000  -7.530015624853
2.700  -0.061250  -7.529389303977
2.700  -0.059500  -7.528747399240
2.700  -0.057750  -7.528090645977
2.700  -0.056000  -7.527420116359
2.700  -0.054250  -7.526737327313
2.700  -0.052500  -7.526044309844
2.700  -0.050750  -7.525343628766
2.700  -0.049000  -7.524638351426
2.700  -0.047250  -7.523931971964
2.700  -0.045500  -7.523228302573
2.700  -0.043750  -7.522531344841
2.700  -0.042000  -7.521845153461
2.700  -0.040250  -7.521173702527
2.700  -0.038500  -7.520520762269
2.700  -0.036750  -7.519889792098
2.700  -0.035000  -7.519283854221
2.700  -0.033250  -7.518705550806
2.700  -0.031500  -7.518156986363
2.700  -0.029750  -7.517639755648
2.700  -0.028000  -7.517154955826
2.700  -0.026250  -7.516703220177
2.700  -0.024500  -7.516284769304
2.700  -0.022750  -7.515899474889
2.700  -0.021000  -7.515546930662
2.700  -0.019250  -7.515226525311
2.700  -0.017500  -7.514937512651
2.700  -0.015750  -7.514679075291
2.700  -0.014000  -7.514450379147
2.700  -0.012250  -7.514250617376
2.700  -0.010500  -7.514079043388
2.700  -0.008750  -7.513934993607
2.700  -0.007000  -7.513817901338
2.700  -0.005250  -7.513727303619
2.700  -0.003500  -7.513662843100
2.700  -0.001750  -7.513624266997
2.700  0.000000  -7.513611424924
2.700  0.001750  -7.513624266997
2.700  0.003500  -7.513662843100
2.700  0.005250  -7.513727303619
2.700  0.007000  -7.513817901338
2.700  0.008750  -7.513934993607
2.700  0.010500  -7.514079043388
2.700  0.012250  -7.514250617376
2.700  0.014000  -7.514450379147
2.700  0.015750  -7.514679075291
2.700  0.017500  -7.514937512651
2.700  0.019250  -7.515226525311
2.700  0.021000  -7.515546930662
2.700  0.022750  -7.515899474889
2.700  0.024500  -7.516284769304
2.700  0.026250  -7.516703220177
2.700  0.028000  -7.517154955826
2.700  0.029750  -7.517639755648
2.700  0.031500  -7.518156986363
2.700  0.033250  -7.518705550806
2.700  0.035000  -7.519283854221
2.700  0.036750  -7.519889792098
2.700  0.038500  -7.520520762269
2.700  0.040250  -7.521173702527
2.700  0.042000  -7.521845153461
2.700  0.043750  -7.522531344841
2.700  0.045500  -7.523228302573
2.700  0.047250  -7.523931971964
2.700  0.049000  -7.524638351426
2.700  0.050750  -7.525343628766
2.700  0.052500  -7.526044309844
2.700  0.054250  -7.526737327313
2.700  0.056000  -7.527420116359
2.700  0.057750  -7.528090645977
2.700  0.059500  -7.528747399240
2.700  0.061250  -7.529389303977
2.700  0.063000  -7.530015624853
2.700  0.064750  -7.530625836513
2.700  0.066500  -7.531219502052
2.700  0.068250  -7.531796179513
2.700  0.070000  -7.532355370762
2.700  0.071750  -7.532896513954
2.700  0.073500  -7.533419006897
2.700  0.075250  -7.533922238843
2.700  0.077000  -7.534405606881
2.700  0.078750  -7.534868501587
2.700  0.080500  -7.535310263154
2.700  0.082250  -7.535730128445
2.700  0.084000  -7.536127204194
2.700  0.085750  -7.536500505274
2.700  0.087500  -7.536849086123
2.700  0.089250  -7.537172269143
2.700  0.091000  -7.537469942371
2.700  0.092750  -7.537742869147
2.700  0.094500  -7.537992934670
2.700  0.096250  -7.538223255084
2.700  0.098000  -7.538438095918
2.700  0.099750  -7.538642584173
2.700  0.101500  -7.538842243117
2.700  0.103250  -7.539042419684
2.700  0.105000  -7.539247700607
2.700  0.106750  -7.539461418286
2.700  0.108500  -7.539685329399
2.700  0.110250  -7.539919512902
2.700  0.112000  -7.540162488396
2.700  0.113750  -7.540411512330
2.700  0.115500  -7.540662978720
2.700  0.117250  -7.540912839925
2.700  0.119000  -7.541156972588
2.700  0.120750  -7.541391439416
2.700  0.122500  -7.541612630180
2.700  0.124250  -7.541817295192
2.700  0.126000  -7.542002504174
2.700  0.127750  -7.542165569655
2.700  0.129500  -7.542303968535
2.700  0.131250  -7.542415283101
2.700  0.133000  -7.542497169048
2.700  0.134750  -7.542547347333
2.700  0.136500  -7.542563610976
2.700  0.138250  -7.542543836896
2.700  0.140000  -7.542485995102
2.700  0.141750  -7.542388151046
2.700  0.143500  -7.542248460276
2.700  0.145250  -7.542065156741
2.700  0.147000  -7.541836537176
2.700  0.148750  -7.541560943997
2.700  0.150500  -7.541236748613
2.700  0.152250  -7.540862336311
2.700  0.154000  -7.540436093162
2.700  0.155750  -7.539956394986
2.700  0.157500  -7.539421598109
2.700  0.159250  -7.538830031662
2.700  0.161000  -7.538179991166
2.700  0.162750  -7.537469733330
2.700  0.164500  -7.536697472012
2.700  0.166250  -7.535861375432
2.700  0.168000  -7.534959564711
2.700  0.169750  -7.533990113804
2.700  0.171500  -7.532951050871
2.700  0.173250  -7.531840361052
2.700  0.175000  -7.530655990531
2.700  0.176750  -7.529395851729
2.700  0.178500  -7.528057829352
2.700  0.180250  -7.526639786983
2.700  0.182000  -7.525139573842
2.700  0.183750  -7.523555031313
2.700  0.185500  -7.521883998811
2.700  0.187250  -7.520124318593
2.700  0.189000  -7.518273839152
2.700  0.190750  -7.516330416947
2.700  0.192500  -7.514291916336
2.700  0.194250  -7.512156207729
2.700  0.196000  -7.509921164174
2.700  0.197750  -7.507584656724
2.700  0.199500  -7.505144549122
2.700  0.201250  -7.502598692404
2.700  0.203000  -7.499944920047
2.700  0.204750  -7.497181044232
2.700  0.206500  -7.494304853620
2.700  0.208250  -7.491314112846
2.700  0.210000  -7.488206563674
2.700  0.211750  -7.484979927543
2.700  0.213500  -7.481631908996
2.700  0.215250  -7.478160199441
2.700  0.217000  -7.474562480607
2.700  0.218750  -7.470836427179
2.700  0.220500  -7.466979708221
2.700  0.222250  -7.462989987156
2.700  0.224000  -7.458864920266
2.700  0.225750  -7.454602153784
2.700  0.227500  -7.450199319753
2.700  0.229250  -7.445654030835
2.700  0.231000  -7.440963874308
2.700  0.232750  -7.436126405457
2.700  0.234500  -7.431139140615
2.700  0.236250  -7.425999550170
2.700  0.238000  -7.420705051922
2.700  0.239750  -7.415253005271
2.700  0.241500  -7.409640706714
2.700  0.243250  -7.403865387127
2.700  0.245000  -7.397924211147
2.700  0.246750  -7.391814278774
2.700  0.248500  -7.385532629016
2.700  0.250250  -7.379076245100
2.700  0.252000  -7.372442060517
2.700  0.253750  -7.365626964943
2.700  0.255500  -7.358627808970
2.700  0.257250  -7.351441406602
2.700  0.259000  -7.344064534564
2.700  0.260750  -7.336493927711
2.700  0.262500  -7.328726270120
2.700  0.264250  -7.320758181892
2.700  0.266000  -7.312586202141
2.700  0.267750  -7.304206769212
2.700  0.269500  -7.295616199660
2.700  0.271250  -7.286810667883
2.700  0.273000  -7.277786188476
2.700  0.274750  -7.268538603089
2.700  0.276500  -7.259063572934
2.700  0.278250  -7.249356577018
2.700  0.280000  -7.239412914910
2.700  0.281750  -7.229227711721
2.700  0.283500  -7.218795922324
2.700  0.285250  -7.208112332121
2.700  0.287000  -7.197171552966
2.700  0.288750  -7.185968015058
2.700  0.290500  -7.174495958096
2.700  0.292250  -7.162749426855
2.700  0.294000  -7.150722276563
2.700  0.295750  -7.138408191336
2.700  0.297500  -7.125800714575
2.700  0.299250  -7.112893284628
2.700  0.301000  -7.099679264191
2.700  0.302750  -7.086151950165
2.700  0.304500  -7.072304553943
2.700  0.306250  -7.058130150697
2.700  0.308000  -7.043621608700
2.700  0.309750  -7.028771522227
2.700  0.311500  -7.013572179133
2.700  0.313250  -6.998015591494
2.700  0.315000  -6.982093600624
2.700  0.316750  -6.965798034901
2.700  0.318500  -6.949120852534
2.700  0.320250  -6.932054149592
2.700  0.322000  -6.914589871245
2.700  0.323750  -6.896719053804
2.700  0.325500  -6.878430474378
2.700  0.327250  -6.859708719217
2.700  0.329000  -6.840531910681
2.700  0.330750  -6.820869633786
2.700  0.332500  -6.800681908226
2.700  0.334250  -6.779920244407
2.700  0.336000  -6.758531756866
2.700  0.337750  -6.736466855353
2.700  0.339500  -6.713690147489
2.700  0.341250  -6.690192981394
2.700  0.343000  -6.666004847989
2.700  0.344750  -6.641200125414
2.700  0.346500  -6.615896856424
2.700  0.348250  -6.590245638586
2.700  0.350000  -6.564409074289
