2.950  -0.480000  -6.727489885485
2.950  -0.477600  -6.759462034649
2.950  -0.475200  -6.793736230308
2.950  -0.472800  -6.830681213490
2.950  -0.470400  -6.869744379980
2.950  -0.468000  -6.909995750229
2.950  -0.465600  -6.950461554914
2.950  -0.463200  -6.990315997598
2.950  -0.460800  -7.028975820421
2.950  -0.458400  -7.066120955352
2.950  -0.456000  -7.101659171689
2.950  -0.453600  -7.135656661919
2.950  -0.451200  -7.168259892618
2.950  -0.448800  -7.199630646501
2.950  -0.446400  -7.229906280774
2.950  -0.444000  -7.259185627201
2.950  -0.441600  -7.287532811861
2.950  -0.439200  -7.314988870436
2.950  -0.436800  -7.341583300583
2.950  -0.434400  -7.367341803535
2.950  -0.432000  -7.392289906328
2.950  -0.429600  -7.416453834460
2.950  -0.427200  -7.439860160207
2.950  -0.424800  -7.462535191388
2.950  -0.422400  -7.484504473764
2.950  -0.420000  -7.505792447901
2.950  -0.417600  -7.526422209624
2.950  -0.415200  -7.546415343571
2.950  -0.412800  -7.565791831369
2.950  -0.410400  -7.584570043445
2.950  -0.408000  -7.602766811912
2.950  -0.405600  -7.620397567167
2.950  -0.403200  -7.637476512638
2.950  -0.400800  -7.654016812142
2.950  -0.398400  -7.670030769742
2.950  -0.396000  -7.685529989427
2.950  -0.393600  -7.700525508809
2.950  -0.391200  -7.715027906246
2.950  -0.388800  -7.729047383996
2.950  -0.386400  -7.742593831542
2.950  -0.384000  -7.755676873517
2.950  -0.381600  -7.768305906225
2.950  -0.379200  -7.780490125913
2.950  -0.376800  -7.792238551136
2.950  -0.374400  -7.803560040733
2.950  -0.372000  -7.814463308400
2.950  -0.369600  -7.824956934421
2.950  -0.367200  -7.835049374930
2.950  -0.364800  -7.844748968917
2.950  -0.362400  -7.854063943204
2.950  -0.360000  -7.863002415624
2.950  -0.357600  -7.871572396649
2.950  -0.355200  -7.879781789772
2.950  -0.352800  -7.887638390915
2.950  -0.350400  -7.895149887181
2.950  -0.348000  -7.902323855177
2.950  -0.345600  -7.909167759170
2.950  -0.343200  -7.915688949244
2.950  -0.340800  -7.921894659619
2.950  -0.338400  -7.927792007257
2.950  -0.336000  -7.933387990829
2.950  -0.333600  -7.938689490141
2.950  -0.331200  -7.943703266046
2.950  -0.328800  -7.948435960904
2.950  -0.326400  -7.952894099588
2.950  -0.324000  -7.957084091045
2.950  -0.321600  -7.961012230374
2.950  -0.319200  -7.964684701370
2.950  -0.316800  -7.968107579428
2.950  -0.314400  -7.971286834722
2.950  -0.312000  -7.974228335503
2.950  -0.309600  -7.976937851390
2.950  -0.307200  -7.979421056530
2.950  -0.304800  -7.981683532470
2.950  -0.302400  -7.983730770687
2.950  -0.300000  -7.985568174659
2.950  -0.297600  -7.987201061478
2.950  -0.295200  -7.988634662969
2.950  -0.292800  -7.989874126372
2.950  -0.290400  -7.990924514623
2.950  -0.288000  -7.991790806321
2.950  -0.285600  -7.992477895484
2.950  -0.283200  -7.992990591180
2.950  -0.280800  -7.993333617159
2.950  -0.278400  -7.993511611570
2.950  -0.276000  -7.993529126869
2.950  -0.273600  -7.993390629983
2.950  -0.271200  -7.993100502803
2.950  -0.268800  -7.992663043046
2.950  -0.266400  -7.992082465503
2.950  -0.264000  -7.991362903688
2.950  -0.261600  -7.990508411865
2.950  -0.259200  -7.989522967430
2.950  -0.256800  -7.988410473593
2.950  -0.254400  -7.987174762308
2.950  -0.252000  -7.985819597389
2.950  -0.249600  -7.984348677726
2.950  -0.247200  -7.982765640550
2.950  -0.244800  -7.981074064663
2.950  -0.242400  -7.979277473567
2.950  -0.240000  -7.977379338449
2.950  -0.237600  -7.975383080962
2.950  -0.235200  -7.973292075780
2.950  -0.232800  -7.971109652892
2.950  -0.230400  -7.968839099632
2.950  -0.228000  -7.966483662448
2.950  -0.225600  -7.964046548409
2.950  -0.223200  -7.961530926479
2.950  -0.220800  -7.958939928570
2.950  -0.218400  -7.956276650423
2.950  -0.216000  -7.953544152328
2.950  -0.213600  -7.950745459737
2.950  -0.211200  -7.947883563806
2.950  -0.208800  -7.944961421894
2.950  -0.206400  -7.941981958084
2.950  -0.204000  -7.938948063735
2.950  -0.201600  -7.935862598138
2.950  -0.199200  -7.932728389271
2.950  -0.196800  -7.929548234705
2.950  -0.194400  -7.926324902657
2.950  -0.192000  -7.923061133209
2.950  -0.189600  -7.919759639666
2.950  -0.187200  -7.916423110049
2.950  -0.184800  -7.913054208682
2.950  -0.182400  -7.909655577856
2.950  -0.180000  -7.906229839528
2.950  -0.177600  -7.902779597040
2.950  -0.175200  -7.899307436860
2.950  -0.172800  -7.895815930370
2.950  -0.170400  -7.892307635733
2.950  -0.168000  -7.888785099938
2.950  -0.165600  -7.885250861081
2.950  -0.163200  -7.881707450989
2.950  -0.160800  -7.878157398242
2.950  -0.158400  -7.874603231620
2.950  -0.156000  -7.871047483904
2.950  -0.153600  -7.867492695858
2.950  -0.151200  -7.863941420098
2.950  -0.148800  -7.860396224411
2.950  -0.146400  -7.856859693973
2.950  -0.144000  -7.853334431811
2.950  -0.141600  -7.849823056840
2.950  -0.139200  -7.846328198793
2.950  -0.136800  -7.842852489521
2.950  -0.134400  -7.839398550291
2.950  -0.132000  -7.835968975004
2.950  -0.129600  -7.832566309543
2.950  -0.127200  -7.829193027844
2.950  -0.124800  -7.825851505613
2.950  -0.122400  -7.822543992936
2.950  -0.120000  -7.819272587333
2.950  -0.117600  -7.816039209000
2.950  -0.115200  -7.812845580164
2.950  -0.112800  -7.809693210505
2.950  -0.110400  -7.806583390544
2.950  -0.108000  -7.803517194639
2.950  -0.105600  -7.800495494685
2.950  -0.103200  -7.797518984837
2.950  -0.100800  -7.794588216323
2.950  -0.098400  -7.791703640029
2.950  -0.096000  -7.788865652943
2.950  -0.093600  -7.786074643332
2.950  -0.091200  -7.783331028791
2.950  -0.088800  -7.780635281693
2.950  -0.086400  -7.777987938041
2.950  -0.084000  -7.775389588313
2.950  -0.081600  -7.772840852194
2.950  -0.079200  -7.770342342426
2.950  -0.076800  -7.767894625759
2.950  -0.074400  -7.765498190462
2.950  -0.072000  -7.763153429918
2.950  -0.069600  -7.760860650381
2.950  -0.067200  -7.758620108493
2.950  -0.064800  -7.756432080904
2.950  -0.062400  -7.754296964743
2.950  -0.060000  -7.752215403680
2.950  -0.057600  -7.750188430121
2.950  -0.055200  -7.748217609497
2.950  -0.052800  -7.746305168323
2.950  -0.050400  -7.744454084395
2.950  -0.048000  -7.742668116651
2.950  -0.045600  -7.740951755146
2.950  -0.043200  -7.739310079443
2.950  -0.040800  -7.737748526141
2.950  -0.038400  -7.736272581600
2.950  -0.036000  -7.734887430823
2.950  -0.033600  -7.733597603993
2.950  -0.031200  -7.732406665120
2.950  -0.028800  -7.731316981340
2.950  -0.026400  -7.730329598067
2.950  -0.024000  -7.729444228053
2.950  -0.021600  -7.728659346160
2.950  -0.019200  -7.727972370154
2.950  -0.016800  -7.727379902786
2.950  -0.014400  -7.726878010838
2.950  -0.012000  -7.726462520045
2.950  -0.009600  -7.726129308117
2.950  -0.007200  -7.725874580273
2.950  -0.004800  -7.725695113245
2.950  -0.002400  -7.725588455784
2.950  0.000000  -7.725553076792
2.950  0.002400  -7.725588455784
2.950  0.004800  -7.725695113245
2.950  0.007200  -7.725874580273
2.950  0.009600  -7.726129308117
2.950  0.012000  -7.726462520045
2.950  0.014400  -7.726878010838
2.950  0.016800  -7.727379902786
2.950  0.019200  -7.727972370154
2.950  0.021600  -7.728659346160
2.950  0.024000  -7.729444228053
2.950  0.026400  -7.730329598067
2.950  0.028800  -7.731316981340
2.950  0.031200  -7.732406665120
2.950  0.033600  -7.733597603993
2.950  0.036000  -7.734887430823
2.950  0.038400  -7.736272581600
2.950  0.040800  -7.737748526141
2.950  0.043200  -7.739310079443
2.950  0.045600  -7.740951755146
2.950  0.048000  -7.742668116651
2.950  0.050400  -7.744454084395
2.950  0.052800  -7.746305168323
2.950  0.055200  -7.748217609497
2.950  0.057600  -7.750188430121
2.950  0.060000  -7.752215403680
2.950  0.062400  -7.754296964743
2.950  0.064800  -7.756432080904
2.950  0.067200  -7.758620108493
2.950  0.069600  -7.760860650381
2.950  0.072000  -7.763153429918
2.950  0.074400  -7.765498190462
2.950  0.076800  -7.767894625759
2.950  0.079200  -7.770342342426
2.950  0.081600  -7.772840852194
2.950  0.084000  -7.775389588313
2.950  0.086400  -7.777987938041
2.950  0.088800  -7.780635281693
2.950  0.091200  -7.783331028791
2.950  0.093600  -7.786074643332
2.950  0.096000  -7.788865652943
2.950  0.098400  -7.791703640029
2.950  0.100800  -7.794588216323
2.950  0.103200  -7.797518984837
2.950  0.105600  -7.800495494685
2.950  0.108000  -7.803517194639
2.950  0.110400  -7.806583390544
2.950  0.112800  -7.809693210505
2.950  0.115200  -7.812845580164
2.950  0.117600  -7.816039209000
2.950  0.120000  -7.819272587333
2.950  0.122400  -7.822543992936
2.950  0.124800  -7.825851505613
2.950  0.127200  -7.829193027844
2.950  0.129600  -7.832566309543
2.950  0.132000  -7.835968975004
2.950  0.134400  -7.839398550291
2.950  0.136800  -7.842852489521
2.950  0.139200  -7.846328198793
2.950  0.141600  -7.849823056840
2.950  0.144000  -7.853334431811
2.950  0.146400  -7.856859693973
2.950  0.148800  -7.860396224411
2.950  0.151200  -7.863941420098
2.950  0.153600  -7.867492695858
2.950  0.156000  -7.871047483904
2.950  0.158400  -7.874603231620
2.950  0.160800  -7.878157398242
2.950  0.163200  -7.881707450989
2.950  0.165600  -7.885250861081
2.950  0.168000  -7.888785099938
2.950  0.170400  -7.892307635733
2.950  0.172800  -7.895815930370
2.950  0.175200  -7.899307436860
2.950  0.177600  -7.902779597040
2.950  0.180000  -7.906229839528
2.950  0.182400  -7.909655577856
2.950  0.184800  -7.913054208682
2.950  0.187200  -7.916423110049
2.950  0.189600  -7.919759639666
2.950  0.192000  -7.923061133209
2.950  0.194400  -7.926324902657
2.950  0.196800  -7.929548234705
2.950  0.199200  -7.932728389271
2.950  0.201600  -7.935862598138
2.950  0.204000  -7.938948063735
2.950  0.206400  -7.941981958084
2.950  0.208800  -7.944961421894
2.950  0.211200  -7.947883563806
2.950  0.213600  -7.950745459737
2.950  0.216000  -7.953544152328
2.950  0.218400  -7.956276650423
2.950  0.220800  -7.958939928570
2.950  0.223200  -7.961530926479
2.950  0.225600  -7.964046548409
2.950  0.228000  -7.966483662448
2.950  0.230400  -7.968839099632
2.950  0.232800  -7.971109652892
2.950  0.235200  -7.973292075780
2.950  0.237600  -7.975383080962
2.950  0.240000  -7.977379338449
2.950  0.242400  -7.979277473567
2.950  0.244800  -7.981074064663
2.950  0.247200  -7.982765640550
2.950  0.249600  -7.984348677726
2.950  0.252000  -7.985819597389
2.950  0.254400  -7.987174762308
2.950  0.256800  -7.988410473593
2.950  0.259200  -7.989522967430
2.950  0.261600  -7.990508411865
2.950  0.264000  -7.991362903688
2.950  0.266400  -7.992082465503
2.950  0.268800  -7.992663043046
2.950  0.271200  -7.993100502803
2.950  0.273600  -7.993390629983
2.950  0.276000  -7.993529126869
2.950  0.278400  -7.993511611570
2.950  0.280800  -7.993333617159
2.950  0.283200  -7.992990591180
2.950  0.285600  -7.992477895484
2.950  0.288000  -7.991790806321
2.950  0.290400  -7.990924514623
2.950  0.292800  -7.989874126372
2.950  0.295200  -7.988634662969
2.950  0.297600  -7.987201061478
2.950  0.300000  -7.985568174659
2.950  0.302400  -7.983730770687
2.950  0.304800  -7.981683532470
2.950  0.307200  -7.979421056530
2.950  0.309600  -7.976937851390
2.950  0.312000  -7.974228335503
2.950  0.314400  -7.971286834722
2.950  0.316800  -7.968107579428
2.950  0.319200  -7.964684701370
2.950  0.321600  -7.961012230374
2.950  0.324000  -7.957084091045
2.950  0.326400  -7.952894099588
2.950  0.328800  -7.948435960904
2.950  0.331200  -7.943703266046
2.950  0.333600  -7.938689490141
2.950  0.336000  -7.933387990829
2.950  0.338400  -7.927792007257
2.950  0.340800  -7.921894659619
2.950  0.343200  -7.915688949244
2.950  0.345600  -7.909167759170
2.950  0.348000  -7.902323855177
2.950  0.350400  -7.895149887181
2.950  0.352800  -7.887638390915
2.950  0.355200  -7.879781789772
2.950  0.357600  -7.871572396649
2.950  0.360000  -7.863002415624
2.950  0.362400  -7.854063943204
2.950  0.364800  -7.844748968917
2.950  0.367200  -7.835049374930
2.950  0.369600  -7.824956934421
2.950  0.372000  -7.814463308400
2.950  0.374400  -7.803560040733
2.950  0.376800  -7.792238551136
2.950  0.379200  -7.780490125913
2.950  0.381600  -7.768305906225
2.950  0.384000  -7.755676873517
2.950  0.386400  -7.742593831542
2.950  0.388800  -7.729047383996
2.950  0.391200  -7.715027906246
2.950  0.393600  -7.700525508809
2.950  0.396000  -7.685529989427
2.950  0.398400  -7.670030769742
2.950  0.400800  -7.654016812142
2.950  0.403200  -7.637476512638
2.950  0.405600  -7.620397567167
2.950  0.408000  -7.602766811912
2.950  0.410400  -7.584570043445
2.950  0.412800  -7.565791831369
2.950  0.415200  -7.546415343571
2.950  0.417600  -7.526422209624
2.950  0.420000  -7.505792447901
2.950  0.422400  -7.484504473764
2.950  0.424800  -7.462535191388
2.950  0.427200  -7.439860160207
2.950  0.429600  -7.416453834460
2.950  0.432000  -7.392289906328
2.950  0.434400  -7.367341803535
2.950  0.436800  -7.341583300583
2.950  0.439200  -7.314988870436
2.950  0.441600  -7.287532811861
2.950  0.444000  -7.259185627201
2.950  0.446400  -7.229906280774
2.950  0.448800  -7.199630646501
2.950  0.451200  -7.168259892618
2.950  0.453600  -7.135656661919
2.950  0.456000  -7.101659171689
2.950  0.458400  -7.066120955352
2.950  0.460800  -7.028975820421
2.950  0.463200  -6.990315997598
2.950  0.465600  -6.950461554914
2.950  0.468000  -6.909995750229
2.950  0.470400  -6.869744379980
2.950  0.472800  -6.830681213490
2.950  0.475200  -6.793736230308
2.950  0.477600  -6.759462034649
2.950  0.480000  -6.727489885485
