2.600  -0.350000  -5.453563182894
2.600  -0.348250  -5.488952939913
2.600  -0.346500  -5.523981334604
2.600  -0.344750  -5.558973382681
2.600  -0.343000  -5.594007122800
2.600  -0.341250  -5.629021477849
2.600  -0.339500  -5.663886170783
2.600  -0.337750  -5.698445940963
2.600  -0.336000  -5.732547920267
2.600  -0.334250  -5.766058165890
2.600  -0.332500  -5.798871267854
2.600  -0.330750  -5.830915476091
2.600  -0.329000  -5.862154699784
2.600  -0.327250  -5.892587901766
2.600  -0.325500  -5.922245860773
2.600  -0.323750  -5.951185100489
2.600  -0.322000  -5.979479050684
2.600  -0.320250  -6.007207142534
2.600  -0.318500  -6.034443309363
2.600  -0.316750  -6.061245922212
2.600  -0.315000  -6.087651224352
2.600  -0.313250  -6.113671703361
2.600  -0.311500  -6.139299673634
2.600  -0.309750  -6.164514987549
2.600  -0.308000  -6.189294705170
2.600  -0.306250  -6.213622109436
2.600  -0.304500  -6.237492803004
2.600  -0.302750  -6.260916618476
2.600  -0.301000  -6.283915344336
2.600  -0.299250  -6.306517381631
2.600  -0.297500  -6.328751081066
2.600  -0.295750  -6.350638561696
2.600  -0.294000  -6.372191384064
2.600  -0.292250  -6.393408767703
2.600  -0.290500  -6.414278345352
2.600  -0.288750  -6.434778911011
2.600  -0.287000  -6.454884329532
2.600  -0.285250  -6.474567730088
2.600  -0.283500  -6.493805246650
2.600  -0.281750  -6.512578813343
2.600  -0.280000  -6.530877792286
2.600  -0.278250  -6.548699446625
2.600  -0.276500  -6.566048438992
2.600  -0.274750  -6.582935627451
2.600  -0.273000  -6.599376456895
2.600  -0.271250  -6.615389222115
2.600  -0.269500  -6.630993428865
2.600  -0.267750  -6.646208416044
2.600  -0.266000  -6.661052335934
2.600  -0.264250  -6.675541526137
2.600  -0.262500  -6.689690251283
2.600  -0.260750  -6.703510749014
2.600  -0.259000  -6.717013487438
2.600  -0.257250  -6.730207532582
2.600  -0.255500  -6.743100933884
2.600  -0.253750  -6.755701059108
2.600  -0.252000  -6.768014840480
2.600  -0.250250  -6.780048923437
2.600  -0.248500  -6.791809732129
2.600  -0.246750  -6.803303478247
2.600  -0.245000  -6.814536142050
2.600  -0.243250  -6.825513449269
2.600  -0.241500  -6.836240858578
2.600  -0.239750  -6.846723565213
2.600  -0.238000  -6.856966519362
2.600  -0.236250  -6.866974454182
2.600  -0.234500  -6.876751917217
2.600  -0.232750  -6.886303299850
2.600  -0.231000  -6.895632860915
2.600  -0.229250  -6.904744742216
2.600  -0.227500  -6.913642974901
2.600  -0.225750  -6.922331476671
2.600  -0.224000  -6.930814040658
2.600  -0.222250  -6.939094317776
2.600  -0.220500  -6.947175795343
2.600  -0.218750  -6.955061775621
2.600  -0.217000  -6.962755358431
2.600  -0.215250  -6.970259431961
2.600  -0.213500  -6.977576675238
2.600  -0.211750  -6.984709574584
2.600  -0.210000  -6.991660454934
2.600  -0.208250  -6.998431525318
2.600  -0.206500  -7.005024936244
2.600  -0.204750  -7.011442845160
2.600  -0.203000  -7.017687484730
2.600  -0.201250  -7.023761227217
2.600  -0.199500  -7.029666637338
2.600  -0.197750  -7.035406505730
2.600  -0.196000  -7.040983856296
2.600  -0.194250  -7.046401923400
2.600  -0.192500  -7.051664099149
2.600  -0.190750  -7.056773856226
2.600  -0.189000  -7.061734656880
2.600  -0.187250  -7.066549862472
2.600  -0.185500  -7.071222659263
2.600  -0.183750  -7.075756014297
2.600  -0.182000  -7.080152670328
2.600  -0.180250  -7.084415181678
2.600  -0.178500  -7.088545985104
2.600  -0.176750  -7.092547492720
2.600  -0.175000  -7.096422189465
2.600  -0.173250  -7.100172716196
2.600  -0.171500  -7.103801921812
2.600  -0.169750  -7.107312873258
2.600  -0.168000  -7.110708819953
2.600  -0.166250  -7.113993117701
2.600  -0.164500  -7.117169124816
2.600  -0.162750  -7.120240088600
2.600  -0.161000  -7.123209042304
2.600  -0.159250  -7.126078730811
2.600  -0.157500  -7.128851577917
2.600  -0.155750  -7.131529700313
2.600  -0.154000  -7.134114964738
2.600  -0.152250  -7.136609076819
2.600  -0.150500  -7.139013684250
2.600  -0.148750  -7.141330474292
2.600  -0.147000  -7.143561246879
2.600  -0.145250  -7.145707950456
2.600  -0.143500  -7.147772677520
2.600  -0.141750  -7.149757629014
2.600  -0.140000  -7.151665067665
2.600  -0.138250  -7.153497285724
2.600  -0.136500  -7.155256608504
2.600  -0.134750  -7.156945440711
2.600  -0.133000  -7.158566341445
2.600  -0.131250  -7.160122093880
2.600  -0.129500  -7.161615727214
2.600  -0.127750  -7.163050459386
2.600  -0.126000  -7.164429560050
2.600  -0.124250  -7.165756175595
2.600  -0.122500  -7.167033194394
2.600  -0.120750  -7.168263241347
2.600  -0.119000  -7.169448863141
2.600  -0.117250  -7.170592900986
2.600  -0.115500  -7.171698964634
2.600  -0.113750  -7.172771851434
2.600  -0.112000  -7.173817728663
2.600  -0.110250  -7.174843934877
2.600  -0.108500  -7.175858351996
2.600  -0.106750  -7.176868426470
2.600  -0.105000  -7.177880033595
2.600  -0.103250  -7.178896443976
2.600  -0.101500  -7.179917642272
2.600  -0.099750  -7.180940167445
2.600  -0.098000  -7.181957516251
2.600  -0.096250  -7.182961016800
2.600  -0.094500  -7.183940975950
2.600  -0.092750  -7.184887859522
2.600  -0.091000  -7.185793284499
2.600  -0.089250  -7.186650674123
2.600  -0.087500  -7.187455523352
2.600  -0.085750  -7.188205313741
2.600  -0.084000  -7.188899180094
2.600  -0.082250  -7.189537455696
2.600  -0.080500  -7.190121211398
2.600  -0.078750  -7.190651868634
2.600  -0.077000  -7.191130923483
2.600  -0.075250  -7.191559781676
2.600  -0.073500  -7.191939680947
2.600  -0.071750  -7.192271669003
2.600  -0.070000  -7.192556609379
2.600  -0.068250  -7.192795198259
2.600  -0.066500  -7.192987987053
2.600  -0.064750  -7.193135414301
2.600  -0.063000  -7.193237854111
2.600  -0.061250  -7.193295687008
2.600  -0.059500  -7.193309394188
2.600  -0.057750  -7.193279669833
2.600  -0.056000  -7.193207540587
2.600  -0.054250  -7.193094477872
2.600  -0.052500  -7.192942488346
2.600  -0.050750  -7.192754170193
2.600  -0.049000  -7.192532727369
2.600  -0.047250  -7.192281939337
2.600  -0.045500  -7.192006088993
2.600  -0.043750  -7.191709855713
2.600  -0.042000  -7.191398183113
2.600  -0.040250  -7.191076132261
2.600  -0.038500  -7.190748730960
2.600  -0.036750  -7.190420828570
2.600  -0.035000  -7.190096964270
2.600  -0.033250  -7.189781254819
2.600  -0.031500  -7.189477306083
2.600  -0.029750  -7.189188150870
2.600  -0.028000  -7.188916214047
2.600  -0.026250  -7.188663304464
2.600  -0.024500  -7.188430631909
2.600  -0.022750  -7.188218846184
2.600  -0.021000  -7.188028094480
2.600  -0.019250  -7.187858092625
2.600  -0.017500  -7.187708205415
2.600  -0.015750  -7.187577531325
2.600  -0.014000  -7.187464987192
2.600  -0.012250  -7.187369389111
2.600  -0.010500  -7.187289526587
2.600  -0.008750  -7.187224227896
2.600  -0.007000  -7.187172415515
2.600  -0.005250  -7.187133151300
2.600  -0.003500  -7.187105671722
2.600  -0.001750  -7.187089413892
2.600  0.000000  -7.187084033269
2.600  0.001750  -7.187089413892
2.600  0.003500  -7.187105671722
2.600  0.005250  -7.187133151300
2.600  0.007000  -7.187172415515
2.600  0.008750  -7.187224227896
2.600  0.010500  -7.187289526587
2.600  0.012250  -7.187369389111
2.600  0.014000  -7.187464987192
2.600  0.015750  -7.187577531325
2.600  0.017500  -7.187708205415
2.600  0.019250  -7.187858092625
2.600  0.021000  -7.188028094480
2.600  0.022750  -7.188218846184
2.600  0.024500  -7.188430631909
2.600  0.026250  -7.188663304464
2.600  0.028000  -7.188916214047
2.600  0.029750  -7.189188150870
2.600  0.031500  -7.189477306083
2.600  0.033250  -7.189781254819
2.600  0.035000  -7.190096964270
2.600  0.036750  -7.190420828570
2.600  0.038500  -7.190748730960
2.600  0.040250  -7.191076132261
2.600  0.042000  -7.191398183113
2.600  0.043750  -7.191709855713
2.600  0.045500  -7.192006088993
2.600  0.047250  -7.192281939337
2.600  0.049000  -7.192532727369
2.600  0.050750  -7.192754170193
2.600  0.052500  -7.192942488346
2.600  0.054250  -7.193094477872
2.600  0.056000  -7.193207540587
2.600  0.057750  -7.193279669833
2.600  0.059500  -7.193309394188
2.600  0.061250  -7.193295687008
2.600  0.063000  -7.193237854111
2.600  0.064750  -7.193135414301
2.600  0.066500  -7.192987987053
2.600  0.068250  -7.192795198259
2.600  0.070000  -7.192556609379
2.600  0.071750  -7.192271669003
2.600  0.073500  -7.191939680947
2.600  0.075250  -7.191559781676
2.600  0.077000  -7.191130923483
2.600  0.078750  -7.190651868634
2.600  0.080500  -7.190121211398
2.600  0.082250  -7.189537455696
2.600  0.084000  -7.188899180094
2.600  0.085750  -7.188205313741
2.600  0.087500  -7.187455523352
2.600  0.089250  -7.186650674123
2.600  0.091000  -7.185793284499
2.600  0.092750  -7.184887859522
2.600  0.094500  -7.183940975950
2.600  0.096250  -7.182961016800
2.600  0.098000  -7.181957516251
2.600  0.099750  -7.180940167445
2.600  0.101500  -7.179917642272
2.600  0.103250  -7.178896443976
2.600  0.105000  -7.177880033595
2.600  0.106750  -7.176868426470
2.600  0.108500  -7.175858351996
2.600  0.110250  -7.174843934877
2.600  0.112000  -7.173817728663
2.600  0.113750  -7.172771851434
2.600  0.115500  -7.171698964634
2.600  0.117250  -7.170592900986
2.600  0.119000  -7.169448863141
2.600  0.120750  -7.168263241347
2.600  0.122500  -7.167033194394
2.600  0.124250  -7.165756175595
2.600  0.126000  -7.164429560050
2.600  0.127750  -7.163050459386
2.600  0.129500  -7.161615727214
2.600  0.131250  -7.160122093880
2.600  0.133000  -7.158566341445
2.600  0.134750  -7.156945440711
2.600  0.136500  -7.155256608504
2.600  0.138250  -7.153497285724
2.600  0.140000  -7.151665067665
2.600  0.141750  -7.149757629014
2.600  0.143500  -7.147772677520
2.600  0.145250  -7.145707950456
2.600  0.147000  -7.143561246879
2.600  0.148750  -7.141330474292
2.600  0.150500  -7.139013684250
2.600  0.152250  -7.136609076819
2.600  0.154000  -7.134114964738
2.600  0.155750  -7.131529700313
2.600  0.157500  -7.128851577917
2.600  0.159250  -7.126078730811
2.600  0.161000  -7.123209042304
2.600  0.162750  -7.120240088600
2.600  0.164500  -7.117169124816
2.600  0.166250  -7.113993117701
2.600  0.168000  -7.110708819953
2.600  0.169750  -7.107312873258
2.600  0.171500  -7.103801921812
2.600  0.173250  -7.100172716196
2.600  0.175000  -7.096422189465
2.600  0.176750  -7.092547492720
2.600  0.178500  -7.088545985104
2.600  0.180250  -7.084415181678
2.600  0.182000  -7.080152670328
2.600  0.183750  -7.075756014297
2.600  0.185500  -7.071222659263
2.600  0.187250  -7.066549862472
2.600  0.189000  -7.061734656880
2.600  0.190750  -7.056773856226
2.600  0.192500  -7.051664099149
2.600  0.194250  -7.046401923400
2.600  0.196000  -7.040983856296
2.600  0.197750  -7.035406505730
2.600  0.199500  -7.029666637338
2.600  0.201250  -7.023761227217
2.600  0.203000  -7.017687484730
2.600  0.204750  -7.011442845160
2.600  0.206500  -7.005024936244
2.600  0.208250  -6.998431525318
2.600  0.210000  -6.991660454934
2.600  0.211750  -6.984709574584
2.600  0.213500  -6.977576675238
2.600  0.215250  -6.970259431961
2.600  0.217000  -6.962755358431
2.600  0.218750  -6.955061775621
2.600  0.220500  -6.947175795343
2.600  0.222250  -6.939094317776
2.600  0.224000  -6.930814040658
2.600  0.225750  -6.922331476671
2.600  0.227500  -6.913642974901
2.600  0.229250  -6.904744742216
2.600  0.231000  -6.895632860915
2.600  0.232750  -6.886303299850
2.600  0.234500  -6.876751917217
2.600  0.236250  -6.866974454182
2.600  0.238000  -6.856966519362
2.600  0.239750  -6.846723565213
2.600  0.241500  -6.836240858578
2.600  0.243250  -6.825513449269
2.600  0.245000  -6.814536142050
2.600  0.246750  -6.803303478247
2.600  0.248500  -6.791809732129
2.600  0.250250  -6.780048923437
2.600  0.252000  -6.768014840480
2.600  0.253750  -6.755701059108
2.600  0.255500  -6.743100933884
2.600  0.257250  -6.730207532582
2.600  0.259000  -6.717013487438
2.600  0.260750  -6.703510749014
2.600  0.262500  -6.689690251283
2.600  0.264250  -6.675541526137
2.600  0.266000  -6.661052335934
2.600  0.267750  -6.646208416044
2.600  0.269500  -6.630993428865
2.600  0.271250  -6.615389222115
2.600  0.273000  -6.599376456895
2.600  0.274750  -6.582935627451
2.600  0.276500  -6.566048438992
2.600  0.278250  -6.548699446625
2.600  0.280000  -6.530877792286
2.600  0.281750  -6.512578813343
2.600  0.283500  -6.493805246650
2.600  0.285250  -6.474567730088
2.600  0.287000  -6.454884329532
2.600  0.288750  -6.434778911011
2.600  0.290500  -6.414278345352
2.600  0.292250  -6.393408767703
2.600  0.294000  -6.372191384064
2.600  0.295750  -6.350638561696
2.600  0.297500  -6.328751081066
2.600  0.299250  -6.306517381631
2.600  0.301000  -6.283915344336
2.600  0.302750  -6.260916618476
2.600  0.304500  -6.237492803004
2.600  0.306250  -6.213622109436
2.600  0.308000  -6.189294705170
2.600  0.309750  -6.164514987549
2.600  0.311500  -6.139299673634
2.600  0.313250  -6.113671703361
2.600  0.315000  -6.087651224352
2.600  0.316750  -6.061245922212
2.600  0.318500  -6.034443309363
2.600  0.320250  -6.007207142534
2.600  0.322000  -5.979479050684
2.600  0.323750  -5.951185100489
2.600  0.325500  -5.922245860773
2.600  0.327250  -5.892587901766
2.600  0.329000  -5.862154699784
2.600  0.330750  -5.830915476091
2.600  0.332500  -5.798871267854
2.600  0.334250  -5.766058165890
2.600  0.336000  -5.732547920267
2.600  0.337750  -5.698445940963
2.600  0.339500  -5.663886170783
2.600  0.341250  -5.629021477849
2.600  0.343000  -5.594007122800
2.600  0.344750  -5.558973382681
2.600  0.346500  -5.523981334604
2.600  0.348250  -5.488952939913
2.600  0.350000  -5.453563182894
