3.100  -0.600000  -5.676874215699
3.100  -0.597000  -5.760489568182
3.100  -0.594000  -5.841842584463
3.100  -0.591000  -5.920984178616
3.100  -0.588000  -5.997963715593
3.100  -0.585000  -6.072829368131
3.100  -0.582000  -6.145628496580
3.100  -0.579000  -6.216408013880
3.100  -0.576000  -6.285214677088
3.100  -0.573000  -6.352095237670
3.100  -0.570000  -6.417096393635
3.100  -0.567000  -6.480264521524
3.100  -0.564000  -6.541645220501
3.100  -0.561000  -6.601282758546
3.100  -0.558000  -6.659219548347
3.100  -0.555000  -6.715495777870
3.100  -0.552000  -6.770149274553
3.100  -0.549000  -6.823215611649
3.100  -0.546000  -6.874728400276
3.100  -0.543000  -6.924719675537
3.100  -0.540000  -6.973220287438
3.100  -0.537000  -7.020260238917
3.100  -0.534000  -7.065868954953
3.100  -0.531000  -7.110075497198
3.100  -0.528000  -7.152908745402
3.100  -0.525000  -7.194397552665
3.100  -0.522000  -7.234570860884
3.100  -0.519000  -7.273457751617
3.100  -0.516000  -7.311087413584
3.100  -0.513000  -7.347489027713
3.100  -0.510000  -7.382691593448
3.100  -0.507000  -7.416723734975
3.100  -0.504000  -7.449613527100
3.100  -0.501000  -7.481388369012
3.100  -0.498000  -7.512074916503
3.100  -0.495000  -7.541699067175
3.100  -0.492000  -7.570285983511
3.100  -0.489000  -7.597860136392
3.100  -0.486000  -7.624445354587
3.100  -0.483000  -7.650064870805
3.100  -0.480000  -7.674741359922
3.100  -0.477000  -7.698496968571
3.100  -0.474000  -7.721353337352
3.100  -0.471000  -7.743331617705
3.100  -0.468000  -7.764452485488
3.100  -0.465000  -7.784736152910
3.100  -0.462000  -7.804202379942
3.100  -0.459000  -7.822870485869
3.100  -0.456000  -7.840759361245
3.100  -0.453000  -7.857887480272
3.100  -0.450000  -7.874272913452
3.100  -0.447000  -7.889933340275
3.100  -0.444000  -7.904886061723
3.100  -0.441000  -7.919148012354
3.100  -0.438000  -7.932735771809
3.100  -0.435000  -7.945665575650
3.100  -0.432000  -7.957953325481
3.100  -0.429000  -7.969614598416
3.100  -0.426000  -7.980664655948
3.100  -0.423000  -7.991118452382
3.100  -0.420000  -8.000990642955
3.100  -0.417000  -8.010295591798
3.100  -0.414000  -8.019047379885
3.100  -0.411000  -8.027259813037
3.100  -0.408000  -8.034946430062
3.100  -0.405000  -8.042120511020
3.100  -0.402000  -8.048795085569
3.100  -0.399000  -8.054982941311
3.100  -0.396000  -8.060696632018
3.100  -0.393000  -8.065948485606
3.100  -0.390000  -8.070750611722
3.100  -0.387000  -8.075114908821
3.100  -0.384000  -8.079053070639
3.100  -0.381000  -8.082576591999
3.100  -0.378000  -8.085696773929
3.100  -0.375000  -8.088424728120
3.100  -0.372000  -8.090771380773
3.100  -0.369000  -8.092747475951
3.100  -0.366000  -8.094363578544
3.100  -0.363000  -8.095630076991
3.100  -0.360000  -8.096557185908
3.100  -0.357000  -8.097154948748
3.100  -0.354000  -8.097433240594
3.100  -0.351000  -8.097401771175
3.100  -0.348000  -8.097070088109
3.100  -0.345000  -8.096447580351
3.100  -0.342000  -8.095543481743
3.100  -0.339000  -8.094366874511
3.100  -0.336000  -8.092926692495
3.100  -0.333000  -8.091231723862
3.100  -0.330000  -8.089290613012
3.100  -0.327000  -8.087111861436
3.100  -0.324000  -8.084703827272
3.100  -0.321000  -8.082074723429
3.100  -0.318000  -8.079232614229
3.100  -0.315000  -8.076185410686
3.100  -0.312000  -8.072940864664
3.100  -0.309000  -8.069506562379
3.100  -0.306000  -8.065889917784
3.100  -0.303000  -8.062098166543
3.100  -0.300000  -8.058138361327
3.100  -0.297000  -8.054017369114
3.100  -0.294000  -8.049741871115
3.100  -0.291000  -8.045318365698
3.100  -0.288000  -8.040753174484
3.100  -0.285000  -8.036052451474
3.100  -0.282000  -8.031222194807
3.100  -0.279000  -8.026268260485
3.100  -0.276000  -8.021196377279
3.100  -0.273000  -8.016012161908
3.100  -0.270000  -8.010721133635
3.100  -0.267000  -8.005328727521
3.100  -0.264000  -7.999840305754
3.100  -0.261000  -7.994261166657
3.100  -0.258000  -7.988596551194
3.100  -0.255000  -7.982851646961
3.100  -0.252000  -7.977031589752
3.100  -0.249000  -7.971141462857
3.100  -0.246000  -7.965186294257
3.100  -0.243000  -7.959171051842
3.100  -0.240000  -7.953100636742
3.100  -0.237000  -7.946979874893
3.100  -0.234000  -7.940813507021
3.100  -0.231000  -7.934606177426
3.100  -0.228000  -7.928362422231
3.100  -0.225000  -7.922086658103
3.100  -0.222000  -7.915783172772
3.100  -0.219000  -7.909456118879
3.100  -0.216000  -7.903109512626
3.100  -0.213000  -7.896747238322
3.100  -0.210000  -7.890373059235
3.100  -0.207000  -7.883990634171
3.100  -0.204000  -7.877603538261
3.100  -0.201000  -7.871215285667
3.100  -0.198000  -7.864829351595
3.100  -0.195000  -7.858449191349
3.100  -0.192000  -7.852078254880
3.100  -0.189000  -7.845719996426
3.100  -0.186000  -7.839377879831
3.100  -0.183000  -7.833055380907
3.100  -0.180000  -7.826755988466
3.100  -0.177000  -7.820483205615
3.100  -0.174000  -7.814240552608
3.100  -0.171000  -7.808031572239
3.100  -0.168000  -7.801859838281
3.100  -0.165000  -7.795728966633
3.100  -0.162000  -7.789642627435
3.100  -0.159000  -7.783604554342
3.100  -0.156000  -7.777618544994
3.100  -0.153000  -7.771688445349
3.100  -0.150000  -7.765818111167
3.100  -0.147000  -7.760011343430
3.100  -0.144000  -7.754271800794
3.100  -0.141000  -7.748602900136
3.100  -0.138000  -7.743007723500
3.100  -0.135000  -7.737488953549
3.100  -0.132000  -7.732048857729
3.100  -0.129000  -7.726689333110
3.100  -0.126000  -7.721412010718
3.100  -0.123000  -7.716218403498
3.100  -0.120000  -7.711110070164
3.100  -0.117000  -7.706088761960
3.100  -0.114000  -7.701156522719
3.100  -0.111000  -7.696315723764
3.100  -0.108000  -7.691569030772
3.100  -0.105000  -7.686919314932
3.100  -0.102000  -7.682369530994
3.100  -0.099000  -7.677922587692
3.100  -0.096000  -7.673581231780
3.100  -0.093000  -7.669347958635
3.100  -0.090000  -7.665224954148
3.100  -0.087000  -7.661214067901
3.100  -0.084000  -7.657316817274
3.100  -0.081000  -7.653534424289
3.100  -0.078000  -7.649867887816
3.100  -0.075000  -7.646318090134
3.100  -0.072000  -7.642885928018
3.100  -0.069000  -7.639572447856
3.100  -0.066000  -7.636378957087
3.100  -0.063000  -7.633307085677
3.100  -0.060000  -7.630358782713
3.100  -0.057000  -7.627536250931
3.100  -0.054000  -7.624841839189
3.100  -0.051000  -7.622277922704
3.100  -0.048000  -7.619846800132
3.100  -0.045000  -7.617550626987
3.100  -0.042000  -7.615391391354
3.100  -0.039000  -7.613370925893
3.100  -0.036000  -7.611490942996
3.100  -0.033000  -7.609753078274
3.100  -0.030000  -7.608158929834
3.100  -0.027000  -7.606710084847
3.100  -0.024000  -7.605408129156
3.100  -0.021000  -7.604254639118
3.100  -0.018000  -7.603251157368
3.100  -0.015000  -7.602399155947
3.100  -0.012000  -7.601699991342
3.100  -0.009000  -7.601154856486
3.100  -0.006000  -7.600764734593
3.100  -0.003000  -7.600530359088
3.100  0.000000  -7.600452182872
3.100  0.003000  -7.600530359088
3.100  0.006000  -7.600764734593
3.100  0.009000  -7.601154856486
3.100  0.012000  -7.601699991342
3.100  0.015000  -7.602399155947
3.100  0.018000  -7.603251157368
3.100  0.021000  -7.604254639118
3.100  0.024000  -7.605408129156
3.100  0.027000  -7.606710084847
3.100  0.030000  -7.608158929834
3.100  0.033000  -7.609753078274
3.100  0.036000  -7.611490942996
3.100  0.039000  -7.613370925893
3.100  0.042000  -7.615391391354
3.100  0.045000  -7.617550626987
3.100  0.048000  -7.619846800132
3.100  0.051000  -7.622277922704
3.100  0.054000  -7.624841839189
3.100  0.057000  -7.627536250931
3.100  0.060000  -7.630358782713
3.100  0.063000  -7.633307085677
3.100  0.066000  -7.636378957087
3.100  0.069000  -7.639572447856
3.100  0.072000  -7.642885928018
3.100  0.075000  -7.646318090134
3.100  0.078000  -7.649867887816
3.100  0.081000  -7.653534424289
3.100  0.084000  -7.657316817274
3.100  0.087000  -7.661214067901
3.100  0.090000  -7.665224954148
3.100  0.093000  -7.669347958635
3.100  0.096000  -7.673581231780
3.100  0.099000  -7.677922587692
3.100  0.102000  -7.682369530994
3.100  0.105000  -7.686919314932
3.100  0.108000  -7.691569030772
3.100  0.111000  -7.696315723764
3.100  0.114000  -7.701156522719
3.100  0.117000  -7.706088761960
3.100  0.120000  -7.711110070164
3.100  0.123000  -7.716218403498
3.100  0.126000  -7.721412010718
3.100  0.129000  -7.726689333110
3.100  0.132000  -7.732048857729
3.100  0.135000  -7.737488953549
3.100  0.138000  -7.743007723500
3.100  0.141000  -7.748602900136
3.100  0.144000  -7.754271800794
3.100  0.147000  -7.760011343430
3.100  0.150000  -7.765818111167
3.100  0.153000  -7.771688445349
3.100  0.156000  -7.777618544994
3.100  0.159000  -7.783604554342
3.100  0.162000  -7.789642627435
3.100  0.165000  -7.795728966633
3.100  0.168000  -7.801859838281
3.100  0.171000  -7.808031572239
3.100  0.174000  -7.814240552608
3.100  0.177000  -7.820483205615
3.100  0.180000  -7.826755988466
3.100  0.183000  -7.833055380907
3.100  0.186000  -7.839377879831
3.100  0.189000  -7.845719996426
3.100  0.192000  -7.852078254880
3.100  0.195000  -7.858449191349
3.100  0.198000  -7.864829351595
3.100  0.201000  -7.871215285667
3.100  0.204000  -7.877603538261
3.100  0.207000  -7.883990634171
3.100  0.210000  -7.890373059235
3.100  0.213000  -7.896747238322
3.100  0.216000  -7.903109512626
3.100  0.219000  -7.909456118879
3.100  0.222000  -7.915783172772
3.100  0.225000  -7.922086658103
3.100  0.228000  -7.928362422231
3.100  0.231000  -7.934606177426
3.100  0.234000  -7.940813507021
3.100  0.237000  -7.946979874893
3.100  0.240000  -7.953100636742
3.100  0.243000  -7.959171051842
3.100  0.246000  -7.965186294257
3.100  0.249000  -7.971141462857
3.100  0.252000  -7.977031589752
3.100  0.255000  -7.982851646961
3.100  0.258000  -7.988596551194
3.100  0.261000  -7.994261166657
3.100  0.264000  -7.999840305754
3.100  0.267000  -8.005328727521
3.100  0.270000  -8.010721133635
3.100  0.273000  -8.016012161908
3.100  0.276000  -8.021196377279
3.100  0.279000  -8.026268260485
3.100  0.282000  -8.031222194807
3.100  0.285000  -8.036052451474
3.100  0.288000  -8.040753174484
3.100  0.291000  -8.045318365698
3.100  0.294000  -8.049741871115
3.100  0.297000  -8.054017369114
3.100  0.300000  -8.058138361327
3.100  0.303000  -8.062098166543
3.100  0.306000  -8.065889917784
3.100  0.309000  -8.069506562379
3.100  0.312000  -8.072940864664
3.100  0.315000  -8.076185410686
3.100  0.318000  -8.079232614229
3.100  0.321000  -8.082074723429
3.100  0.324000  -8.084703827272
3.100  0.327000  -8.087111861436
3.100  0.330000  -8.089290613012
3.100  0.333000  -8.091231723862
3.100  0.336000  -8.092926692495
3.100  0.339000  -8.094366874511
3.100  0.342000  -8.095543481743
3.100  0.345000  -8.096447580351
3.100  0.348000  -8.097070088109
3.100  0.351000  -8.097401771175
3.100  0.354000  -8.097433240594
3.100  0.357000  -8.097154948748
3.100  0.360000  -8.096557185908
3.100  0.363000  -8.095630076991
3.100  0.366000  -8.094363578544
3.100  0.369000  -8.092747475951
3.100  0.372000  -8.090771380773
3.100  0.375000  -8.088424728120
3.100  0.378000  -8.085696773929
3.100  0.381000  -8.082576591999
3.100  0.384000  -8.079053070639
3.100  0.387000  -8.075114908821
3.100  0.390000  -8.070750611722
3.100  0.393000  -8.065948485606
3.100  0.396000  -8.060696632018
3.100  0.399000  -8.054982941311
3.100  0.402000  -8.048795085569
3.100  0.405000  -8.042120511020
3.100  0.408000  -8.034946430062
3.100  0.411000  -8.027259813037
3.100  0.414000  -8.019047379885
3.100  0.417000  -8.010295591798
3.100  0.420000  -8.000990642955
3.100  0.423000  -7.991118452382
3.100  0.426000  -7.980664655948
3.100  0.429000  -7.969614598416
3.100  0.432000  -7.957953325481
3.100  0.435000  -7.945665575650
3.100  0.438000  -7.932735771809
3.100  0.441000  -7.919148012354
3.100  0.444000  -7.904886061723
3.100  0.447000  -7.889933340275
3.100  0.450000  -7.874272913452
3.100  0.453000  -7.857887480272
3.100  0.456000  -7.840759361245
3.100  0.459000  -7.822870485869
3.100  0.462000  -7.804202379942
3.100  0.465000  -7.784736152910
3.100  0.468000  -7.764452485488
3.100  0.471000  -7.743331617705
3.100  0.474000  -7.721353337352
3.100  0.477000  -7.698496968571
3.100  0.480000  -7.674741359922
3.100  0.483000  -7.650064870805
3.100  0.486000  -7.624445354587
3.100  0.489000  -7.597860136392
3.100  0.492000  -7.570285983511
3.100  0.495000  -7.541699067175
3.100  0.498000  -7.512074916503
3.100  0.501000  -7.481388369012
3.100  0.504000  -7.449613527100
3.100  0.507000  -7.416723734975
3.100  0.510000  -7.382691593448
3.100  0.513000  -7.347489027713
3.100  0.516000  -7.311087413584
3.100  0.519000  -7.273457751617
3.100  0.522000  -7.234570860884
3.100  0.525000  -7.194397552665
3.100  0.528000  -7.152908745402
3.100  0.531000  -7.110075497198
3.100  0.534000  -7.065868954953
3.100  0.537000  -7.020260238917
3.100  0.540000  -6.973220287438
3.100  0.543000  -6.924719675537
3.100  0.546000  -6.874728400276
3.100  0.549000  -6.823215611649
3.100  0.552000  -6.770149274553
3.100  0.555000  -6.715495777870
3.100  0.558000  -6.659219548347
3.100  0.561000  -6.601282758546
3.100  0.564000  -6.541645220501
3.100  0.567000  -6.480264521524
3.100  0.570000  -6.417096393635
3.100  0.573000  -6.352095237670
3.100  0.576000  -6.285214677088
3.100  0.579000  -6.216408013880
3.100  0.582000  -6.145628496580
3.100  0.585000  -6.072829368131
3.100  0.588000  -5.997963715593
3.100  0.591000  -5.920984178616
3.100  0.594000  -5.841842584463
3.100  0.597000  -5.760489568182
3.100  0.600000  -5.676874215699
