3.000  -0.500000  -6.840606208064
3.000  -0.497500  -6.870050208241
3.000  -0.495000  -6.901465878881
3.000  -0.492500  -6.935506839203
3.000  -0.490000  -6.971780648551
3.000  -0.487500  -7.009452039940
3.000  -0.485000  -7.047612411043
3.000  -0.482500  -7.085484568806
3.000  -0.480000  -7.122514760047
3.000  -0.477500  -7.158384931370
3.000  -0.475000  -7.192972431691
3.000  -0.472500  -7.226284683793
3.000  -0.470000  -7.258393830336
3.000  -0.467500  -7.289388032112
3.000  -0.465000  -7.319344905795
3.000  -0.462500  -7.348323454112
3.000  -0.460000  -7.376366717844
3.000  -0.457500  -7.403507945429
3.000  -0.455000  -7.429775980414
3.000  -0.452500  -7.455198448038
3.000  -0.450000  -7.479803009600
3.000  -0.447500  -7.503617460329
3.000  -0.445000  -7.526669318593
3.000  -0.442500  -7.548985282146
3.000  -0.440000  -7.570590732136
3.000  -0.437500  -7.591509367188
3.000  -0.435000  -7.611763000974
3.000  -0.432500  -7.631371523064
3.000  -0.430000  -7.650352996362
3.000  -0.427500  -7.668723848314
3.000  -0.425000  -7.686499109609
3.000  -0.422500  -7.703692660752
3.000  -0.420000  -7.720317459001
3.000  -0.417500  -7.736385730871
3.000  -0.415000  -7.751909125892
3.000  -0.412500  -7.766898834276
3.000  -0.410000  -7.781365674680
3.000  -0.407500  -7.795320159224
3.000  -0.405000  -7.808772542264
3.000  -0.402500  -7.821732858010
3.000  -0.400000  -7.834210950497
3.000  -0.397500  -7.846216498109
3.000  -0.395000  -7.857759033809
3.000  -0.392500  -7.868847961645
3.000  -0.390000  -7.879492569723
3.000  -0.387500  -7.889702039772
3.000  -0.385000  -7.899485453434
3.000  -0.382500  -7.908851795503
3.000  -0.380000  -7.917809954467
3.000  -0.377500  -7.926368720782
3.000  -0.375000  -7.934536783387
3.000  -0.372500  -7.942322724995
3.000  -0.370000  -7.949735016680
3.000  -0.367500  -7.956782012252
3.000  -0.365000  -7.963471942843
3.000  -0.362500  -7.969812912056
3.000  -0.360000  -7.975812891968
3.000  -0.357500  -7.981479720176
3.000  -0.355000  -7.986821098012
3.000  -0.352500  -7.991844589988
3.000  -0.350000  -7.996557624460
3.000  -0.347500  -8.000967495429
3.000  -0.345000  -8.005081365378
3.000  -0.342500  -8.008906268953
3.000  -0.340000  -8.012449117308
3.000  -0.337500  -8.015716702864
3.000  -0.335000  -8.018715704264
3.000  -0.332500  -8.021452691266
3.000  -0.330000  -8.023934129398
3.000  -0.327500  -8.026166384155
3.000  -0.325000  -8.028155724622
3.000  -0.322500  -8.029908326391
3.000  -0.320000  -8.031430273742
3.000  -0.317500  -8.032727561054
3.000  -0.315000  -8.033806093508
3.000  -0.312500  -8.034671687134
3.000  -0.310000  -8.035330068332
3.000  -0.307500  -8.035786872949
3.000  -0.305000  -8.036047645083
3.000  -0.302500  -8.036117835705
3.000  -0.300000  -8.036002801281
3.000  -0.297500  -8.035707802473
3.000  -0.295000  -8.035238003078
3.000  -0.292500  -8.034598469266
3.000  -0.290000  -8.033794169227
3.000  -0.287500  -8.032829973265
3.000  -0.285000  -8.031710654394
3.000  -0.282500  -8.030440889439
3.000  -0.280000  -8.029025260650
3.000  -0.277500  -8.027468257785
3.000  -0.275000  -8.025774280637
3.000  -0.272500  -8.023947641930
3.000  -0.270000  -8.021992570519
3.000  -0.267500  -8.019913214803
3.000  -0.265000  -8.017713646274
3.000  -0.262500  -8.015397863117
3.000  -0.260000  -8.012969793756
3.000  -0.257500  -8.010433300301
3.000  -0.255000  -8.007792181796
3.000  -0.252500  -8.005050177236
3.000  -0.250000  -8.002210968293
3.000  -0.247500  -7.999278181734
3.000  -0.245000  -7.996255391505
3.000  -0.242500  -7.993146120493
3.000  -0.240000  -7.989953841962
3.000  -0.237500  -7.986681980704
3.000  -0.235000  -7.983333913936
3.000  -0.232500  -7.979912971978
3.000  -0.230000  -7.976422438779
3.000  -0.227500  -7.972865552343
3.000  -0.225000  -7.969245505106
3.000  -0.222500  -7.965565444334
3.000  -0.220000  -7.961828472596
3.000  -0.217500  -7.958037648355
3.000  -0.215000  -7.954195986727
3.000  -0.212500  -7.950306460435
3.000  -0.210000  -7.946372000976
3.000  -0.207500  -7.942395500008
3.000  -0.205000  -7.938379810949
3.000  -0.202500  -7.934327750753
3.000  -0.200000  -7.930242101843
3.000  -0.197500  -7.926125614139
3.000  -0.195000  -7.921981007126
3.000  -0.192500  -7.917810971902
3.000  -0.190000  -7.913618173121
3.000  -0.187500  -7.909405250783
3.000  -0.185000  -7.905174821786
3.000  -0.182500  -7.900929481184
3.000  -0.180000  -7.896671803098
3.000  -0.177500  -7.892404341246
3.000  -0.175000  -7.888129629062
3.000  -0.172500  -7.883850179410
3.000  -0.170000  -7.879568483925
3.000  -0.167500  -7.875287012036
3.000  -0.165000  -7.871008209797
3.000  -0.162500  -7.866734498671
3.000  -0.160000  -7.862468274537
3.000  -0.157500  -7.858211907203
3.000  -0.155000  -7.853967740857
3.000  -0.152500  -7.849738095941
3.000  -0.150000  -7.845525273001
3.000  -0.147500  -7.841331559090
3.000  -0.145000  -7.837159237217
3.000  -0.142500  -7.833010599147
3.000  -0.140000  -7.828887961461
3.000  -0.137500  -7.824793684251
3.000  -0.135000  -7.820730191050
3.000  -0.132500  -7.816699987776
3.000  -0.130000  -7.812705677624
3.000  -0.127500  -7.808749968318
3.000  -0.125000  -7.804835668041
3.000  -0.122500  -7.800965667043
3.000  -0.120000  -7.797142903418
3.000  -0.117500  -7.793370313797
3.000  -0.115000  -7.789650772326
3.000  -0.112500  -7.785987023826
3.000  -0.110000  -7.782381618674
3.000  -0.107500  -7.778836857153
3.000  -0.105000  -7.775354749603
3.000  -0.102500  -7.771936995712
3.000  -0.100000  -7.768584982481
3.000  -0.097500  -7.765299796846
3.000  -0.095000  -7.762082246526
3.000  -0.092500  -7.758932882354
3.000  -0.090000  -7.755852017043
3.000  -0.087500  -7.752839738869
3.000  -0.085000  -7.749895922982
3.000  -0.082500  -7.747020246946
3.000  -0.080000  -7.744212219601
3.000  -0.077500  -7.741471232685
3.000  -0.075000  -7.738796642443
3.000  -0.072500  -7.736187883823
3.000  -0.070000  -7.733644613373
3.000  -0.067500  -7.731166869581
3.000  -0.065000  -7.728755232721
3.000  -0.062500  -7.726410961664
3.000  -0.060000  -7.724136084047
3.000  -0.057500  -7.721933419251
3.000  -0.055000  -7.719806520809
3.000  -0.052500  -7.717759535267
3.000  -0.050000  -7.715796986371
3.000  -0.047500  -7.713923504943
3.000  -0.045000  -7.712143533626
3.000  -0.042500  -7.710461040196
3.000  -0.040000  -7.708879272437
3.000  -0.037500  -7.707400581574
3.000  -0.035000  -7.706026331351
3.000  -0.032500  -7.704756897805
3.000  -0.030000  -7.703591753095
3.000  -0.027500  -7.702529617325
3.000  -0.025000  -7.701568656447
3.000  -0.022500  -7.700706702191
3.000  -0.020000  -7.699941470832
3.000  -0.017500  -7.699270760330
3.000  -0.015000  -7.698692608962
3.000  -0.012500  -7.698205402822
3.000  -0.010000  -7.697807924949
3.000  -0.007500  -7.697499346187
3.000  -0.005000  -7.697279167113
3.000  -0.002500  -7.697147130008
3.000  0.000000  -7.697103126805
3.000  0.002500  -7.697147130008
3.000  0.005000  -7.697279167113
3.000  0.007500  -7.697499346187
3.000  0.010000  -7.697807924949
3.000  0.012500  -7.698205402822
3.000  0.015000  -7.698692608962
3.000  0.017500  -7.699270760330
3.000  0.020000  -7.699941470832
3.000  0.022500  -7.700706702191
3.000  0.025000  -7.701568656447
3.000  0.027500  -7.702529617325
3.000  0.030000  -7.703591753095
3.000  0.032500  -7.704756897805
3.000  0.035000  -7.706026331351
3.000  0.037500  -7.707400581574
3.000  0.040000  -7.708879272437
3.000  0.042500  -7.710461040196
3.000  0.045000  -7.712143533626
3.000  0.047500  -7.713923504943
3.000  0.050000  -7.715796986371
3.000  0.052500  -7.717759535267
3.000  0.055000  -7.719806520809
3.000  0.057500  -7.721933419251
3.000  0.060000  -7.724136084047
3.000  0.062500  -7.726410961664
3.000  0.065000  -7.728755232721
3.000  0.067500  -7.731166869581
3.000  0.070000  -7.733644613373
3.000  0.072500  -7.736187883823
3.000  0.075000  -7.738796642443
3.000  0.077500  -7.741471232685
3.000  0.080000  -7.744212219601
3.000  0.082500  -7.747020246946
3.000  0.085000  -7.749895922982
3.000  0.087500  -7.752839738869
3.000  0.090000  -7.755852017043
3.000  0.092500  -7.758932882354
3.000  0.095000  -7.762082246526
3.000  0.097500  -7.765299796846
3.000  0.100000  -7.768584982481
3.000  0.102500  -7.771936995712
3.000  0.105000  -7.775354749603
3.000  0.107500  -7.778836857153
3.000  0.110000  -7.782381618674
3.000  0.112500  -7.785987023826
3.000  0.115000  -7.789650772326
3.000  0.117500  -7.793370313797
3.000  0.120000  -7.797142903418
3.000  0.122500  -7.800965667043
3.000  0.125000  -7.804835668041
3.000  0.127500  -7.808749968318
3.000  0.130000  -7.812705677624
3.000  0.132500  -7.816699987776
3.000  0.135000  -7.820730191050
3.000  0.137500  -7.824793684251
3.000  0.140000  -7.828887961461
3.000  0.142500  -7.833010599147
3.000  0.145000  -7.837159237217
3.000  0.147500  -7.841331559090
3.000  0.150000  -7.845525273001
3.000  0.152500  -7.849738095941
3.000  0.155000  -7.853967740857
3.000  0.157500  -7.858211907203
3.000  0.160000  -7.862468274537
3.000  0.162500  -7.866734498671
3.000  0.165000  -7.871008209797
3.000  0.167500  -7.875287012036
3.000  0.170000  -7.879568483925
3.000  0.172500  -7.883850179410
3.000  0.175000  -7.888129629062
3.000  0.177500  -7.892404341246
3.000  0.180000  -7.896671803098
3.000  0.182500  -7.900929481184
3.000  0.185000  -7.905174821786
3.000  0.187500  -7.909405250783
3.000  0.190000  -7.913618173121
3.000  0.192500  -7.917810971902
3.000  0.195000  -7.921981007126
3.000  0.197500  -7.926125614139
3.000  0.200000  -7.930242101843
3.000  0.202500  -7.934327750753
3.000  0.205000  -7.938379810949
3.000  0.207500  -7.942395500008
3.000  0.210000  -7.946372000976
3.000  0.212500  -7.950306460435
3.000  0.215000  -7.954195986727
3.000  0.217500  -7.958037648355
3.000  0.220000  -7.961828472596
3.000  0.222500  -7.965565444334
3.000  0.225000  -7.969245505106
3.000  0.227500  -7.972865552343
3.000  0.230000  -7.976422438779
3.000  0.232500  -7.979912971978
3.000  0.235000  -7.983333913936
3.000  0.237500  -7.986681980704
3.000  0.240000  -7.989953841962
3.000  0.242500  -7.993146120493
3.000  0.245000  -7.996255391505
3.000  0.247500  -7.999278181734
3.000  0.250000  -8.002210968293
3.000  0.252500  -8.005050177236
3.000  0.255000  -8.007792181796
3.000  0.257500  -8.010433300301
3.000  0.260000  -8.012969793756
3.000  0.262500  -8.015397863117
3.000  0.265000  -8.017713646274
3.000  0.267500  -8.019913214803
3.000  0.270000  -8.021992570519
3.000  0.272500  -8.023947641930
3.000  0.275000  -8.025774280637
3.000  0.277500  -8.027468257785
3.000  0.280000  -8.029025260650
3.000  0.282500  -8.030440889439
3.000  0.285000  -8.031710654394
3.000  0.287500  -8.032829973265
3.000  0.290000  -8.033794169227
3.000  0.292500  -8.034598469266
3.000  0.295000  -8.035238003078
3.000  0.297500  -8.035707802473
3.000  0.300000  -8.036002801281
3.000  0.302500  -8.036117835705
3.000  0.305000  -8.036047645083
3.000  0.307500  -8.035786872949
3.000  0.310000  -8.035330068332
3.000  0.312500  -8.034671687134
3.000  0.315000  -8.033806093508
3.000  0.317500  -8.032727561054
3.000  0.320000  -8.031430273742
3.000  0.322500  -8.029908326391
3.000  0.325000  -8.028155724622
3.000  0.327500  -8.026166384155
3.000  0.330000  -8.023934129398
3.000  0.332500  -8.021452691266
3.000  0.335000  -8.018715704264
3.000  0.337500  -8.015716702864
3.000  0.340000  -8.012449117308
3.000  0.342500  -8.008906268953
3.000  0.345000  -8.005081365378
3.000  0.347500  -8.000967495429
3.000  0.350000  -7.996557624460
3.000  0.352500  -7.991844589988
3.000  0.355000  -7.986821098012
3.000  0.357500  -7.981479720176
3.000  0.360000  -7.975812891968
3.000  0.362500  -7.969812912056
3.000  0.365000  -7.963471942843
3.000  0.367500  -7.956782012252
3.000  0.370000  -7.949735016680
3.000  0.372500  -7.942322724995
3.000  0.375000  -7.934536783387
3.000  0.377500  -7.926368720782
3.000  0.380000  -7.917809954467
3.000  0.382500  -7.908851795503
3.000  0.385000  -7.899485453434
3.000  0.387500  -7.889702039772
3.000  0.390000  -7.879492569723
3.000  0.392500  -7.868847961645
3.000  0.395000  -7.857759033809
3.000  0.397500  -7.846216498109
3.000  0.400000  -7.834210950497
3.000  0.402500  -7.821732858010
3.000  0.405000  -7.808772542264
3.000  0.407500  -7.795320159224
3.000  0.410000  -7.781365674680
3.000  0.412500  -7.766898834276
3.000  0.415000  -7.751909125892
3.000  0.417500  -7.736385730871
3.000  0.420000  -7.720317459001
3.000  0.422500  -7.703692660752
3.000  0.425000  -7.686499109609
3.000  0.427500  -7.668723848314
3.000  0.430000  -7.650352996362
3.000  0.432500  -7.631371523064
3.000  0.435000  -7.611763000974
3.000  0.437500  -7.591509367188
3.000  0.440000  -7.570590732136
3.000  0.442500  -7.548985282146
3.000  0.445000  -7.526669318593
3.000  0.447500  -7.503617460329
3.000  0.450000  -7.479803009600
3.000  0.452500  -7.455198448038
3.000  0.455000  -7.429775980414
3.000  0.457500  -7.403507945429
3.000  0.460000  -7.376366717844
3.000  0.462500  -7.348323454112
3.000  0.465000  -7.319344905795
3.000  0.467500  -7.289388032112
3.000  0.470000  -7.258393830336
3.000  0.472500  -7.226284683793
3.000  0.475000  -7.192972431691
3.000  0.477500  -7.158384931370
3.000  0.480000  -7.122514760047
3.000  0.482500  -7.085484568806
3.000  0.485000  -7.047612411043
3.000  0.487500  -7.009452039940
3.000  0.490000  -6.971780648551
3.000  0.492500  -6.935506839203
3.000  0.495000  -6.901465878881
3.000  0.497500  -6.870050208241
3.000  0.500000  -6.840606208064
